subNo index mean periodicity nEvents pressedKey answer isCorrect rt reversal s1 s2 s3 s4 s5 s6 s7 s8 s9 s10 s11 s12 s13 s14 s15 s16 s17 s18 s19 s20 t1 t2 t3 t4 t5 t6 t7 t8 t9 t10 t11 t12 t13 t14 t15 t16 t17 t18 t19 seqDuration startInterval trialDuration 
13.0000 1.0000 -9.0000 0.0000 6.0000 2 -1.0000 1.0000 2.1190 0.0000 -13.2024 1.1820 -6.7955 -5.1288 -8.5745 -7.9947 -9.7511 -17.2775 -12.1908 -5.3088 -9.8912 -10.3276 -15.1301 -1.0999 -16.8470 -7.4489 -7.7979 -14.3213 -8.0014 -3.6012 0.3057 0.3585 0.4318 0.4775 0.2404 0.3841 0.3178 0.4453 0.2255 0.2003 0.4514 0.2746 0.2275 0.4315 0.2198 0.3754 0.2669 0.4594 0.2367 6.3299 1.4017 3.5363 
13.0000 2.0000 9.0000 1.0000 4.0000 8 1.0000 1.0000 1.2940 0.0000 12.4698 6.8270 4.7238 5.3321 11.0437 7.9408 9.5562 10.7864 6.9865 12.3826 -1.4613 7.7511 18.4292 1.5434 6.8243 5.9561 20.1118 10.0877 13.6448 7.5678 0.3330 0.3330 0.3330 0.3330 0.3330 0.3330 0.3330 0.3330 0.3330 0.3330 0.3330 0.3330 0.3330 0.3330 0.3330 0.3330 0.3330 0.3330 0.3330 6.3270 1.4416 2.7444 
13.0000 3.0000 -9.0000 0.0000 5.0000 2 -1.0000 1.0000 1.4300 0.0000 -9.2627 -5.2078 -7.8356 -9.1675 -9.2887 -22.6393 -2.6882 -12.7846 -0.3379 -10.5621 -7.9158 -6.3859 -5.9183 -16.6343 -8.4358 -10.7214 -13.5635 -4.3713 -7.9807 -7.7002 0.2232 0.2558 0.3230 0.3928 0.3490 0.2432 0.2751 0.3892 0.3587 0.3187 0.3712 0.4148 0.3249 0.3782 0.3192 0.2819 0.5016 0.3580 0.2447 6.3232 1.7251 3.1639 
13.0000 4.0000 7.0000 0.0000 4.0000 8 1.0000 1.0000 1.0750 0.0000 5.7758 8.0645 15.5577 3.5160 -0.6256 18.2565 9.0179 9.4243 0.1477 7.9245 0.7399 11.7414 -0.5789 9.6370 3.3546 6.4776 7.6812 5.8881 10.4873 8.7654 0.2388 0.3081 0.3469 0.4389 0.2840 0.4644 0.2670 0.4136 0.2237 0.2754 0.2213 0.2856 0.2548 0.2845 0.3505 0.3232 0.4228 0.5214 0.3978 6.3225 1.6650 2.7421 
13.0000 5.0000 -5.0000 0.0000 7.0000 2 -1.0000 1.0000 2.1190 0.0000 -1.2916 -15.6880 0.0542 -3.7504 -11.4508 -6.4798 -7.6232 -8.9875 -3.8991 -1.0502 -5.5824 -0.7795 -2.4211 -0.7989 -5.6882 -2.3584 5.3967 -11.1560 -4.1102 -10.6784 0.2557 0.3172 0.5081 0.2656 0.3058 0.4290 0.2329 0.2033 0.4513 0.5289 0.2109 0.4248 0.2737 0.3429 0.4315 0.2566 0.2894 0.2434 0.3544 6.3254 1.5316 3.6528 
13.0000 6.0000 -3.0000 1.0000 6.0000 2 -1.0000 1.0000 1.7030 0.0000 -5.8282 -2.4048 -3.4672 -13.3420 -5.7896 1.8185 -6.0269 -7.3149 2.5785 7.2972 -6.4422 -2.7096 -2.7827 -3.2700 -2.1075 -2.4450 -10.0459 -1.1029 6.1731 -4.6406 0.3330 0.3330 0.3330 0.3330 0.3330 0.3330 0.3330 0.3330 0.3330 0.3330 0.3330 0.3330 0.3330 0.3330 0.3330 0.3330 0.3330 0.3330 0.3330 6.3270 1.4395 3.1538 
13.0000 7.0000 -3.0000 1.0000 9.0000 2 -1.0000 1.0000 2.8500 0.0000 -1.4737 -2.6872 0.4088 -11.0494 -1.2963 -8.3956 -1.1821 -5.3038 -10.9203 -0.3206 5.2885 -1.2274 -2.7281 5.8542 -0.5581 -1.8807 0.6481 -5.4296 -12.4524 -5.0740 0.3330 0.3330 0.3330 0.3330 0.3330 0.3330 0.3330 0.3330 0.3330 0.3330 0.3330 0.3330 0.3330 0.3330 0.3330 0.3330 0.3330 0.3330 0.3330 6.3270 1.4476 4.3010 
13.0000 8.0000 -3.0000 1.0000 13.0000 2 -1.0000 1.0000 4.0120 0.0000 1.8431 -3.1920 -3.9589 2.8272 -16.2918 0.7154 0.9779 -5.5564 -7.7148 1.5184 -0.9088 -6.8241 -0.3532 -7.7692 -2.5581 -8.2198 -0.1308 -5.3356 -3.2068 4.3617 0.3330 0.3330 0.3330 0.3330 0.3330 0.3330 0.3330 0.3330 0.3330 0.3330 0.3330 0.3330 0.3330 0.3330 0.3330 0.3330 0.3330 0.3330 0.3330 6.3270 1.6988 5.7130 
13.0000 9.0000 -3.0000 0.0000 10.0000 2 -1.0000 1.0000 3.4710 0.0000 0.3566 -3.1137 -5.5354 -1.1367 6.0339 -4.9323 -3.5148 -7.5207 2.6475 -7.9438 -9.4847 5.1745 -3.1862 -8.7576 -3.8526 5.7124 -2.0447 -6.9340 -3.0884 -10.1937 0.2843 0.2128 0.3444 0.4420 0.2135 0.2506 0.4198 0.5249 0.2617 0.5232 0.2976 0.3786 0.3046 0.2234 0.3772 0.2426 0.2963 0.2398 0.4817 6.3192 1.5077 4.9887 
13.0000 10.0000 -1.0000 0.0000 8.0000 2 -1.0000 1.0000 2.7150 0.0000 -5.5712 -11.8942 2.7463 -4.8917 -4.8004 -7.7940 -5.6576 0.5134 -0.3251 -1.7010 -3.7497 -3.1256 5.7819 -1.3377 5.1166 0.8087 4.1860 1.3738 7.2043 1.1832 0.4635 0.3735 0.2452 0.4150 0.2430 0.2874 0.2039 0.5076 0.4159 0.4971 0.3874 0.2312 0.2826 0.3193 0.2560 0.2980 0.2325 0.4223 0.2500 6.3312 1.4853 4.2160 
13.0000 11.0000 -0.0000 0.0000 9.0000 8 1.0000 1.0000 2.5910 0.0000 -1.2596 3.0832 -0.7259 -3.9709 2.7505 11.5252 -1.9707 1.4635 -3.8694 -1.3641 11.3840 -0.1624 -10.2092 -4.3910 1.1718 -0.1537 -2.4654 -1.2159 -1.7493 1.5671 0.2979 0.5034 0.3241 0.2323 0.3831 0.2482 0.1998 0.2630 0.3812 0.4324 0.5193 0.4068 0.2768 0.2468 0.3823 0.2126 0.5002 0.2320 0.2768 6.3192 1.6139 4.2250 
13.0000 12.0000 -0.0000 1.0000 15.0000 8 1.0000 0.0000 4.8910 0.0000 -3.6923 1.6470 -1.7792 -3.4726 -7.6092 -5.7284 7.3247 12.3416 1.7030 1.8708 3.7774 -2.2618 -5.1023 0.7001 -1.6899 3.2749 -2.1149 -6.0675 -0.7549 7.0416 0.3330 0.3330 0.3330 0.3330 0.3330 0.3330 0.3330 0.3330 0.3330 0.3330 0.3330 0.3330 0.3330 0.3330 0.3330 0.3330 0.3330 0.3330 0.3330 6.3270 1.6502 6.5590 
13.0000 13.0000 0.0000 1.0000 16.0000 8 1.0000 0.0000 5.0300 0.0000 0.2545 6.5364 -8.1144 1.2010 -2.2939 0.0794 -7.9795 1.3132 -3.8099 2.9935 3.7316 -6.0953 -3.3731 -1.4853 8.6470 3.5415 -4.2449 0.0633 -0.3757 9.7120 0.3330 0.3330 0.3330 0.3330 0.3330 0.3330 0.3330 0.3330 0.3330 0.3330 0.3330 0.3330 0.3330 0.3330 0.3330 0.3330 0.3330 0.3330 0.3330 6.3270 1.7196 6.7641 
13.0000 14.0000 -0.0000 1.0000 20.0000 8 1.0000 0.0000 7.9380 0.0000 2.5879 -2.9975 0.2482 2.9470 6.8762 9.1485 -4.1027 5.4128 -0.6585 1.3237 -5.3800 -4.9594 -7.4060 1.2049 -8.1851 -3.0855 0.2738 -1.3211 1.5003 8.4295 0.3330 0.3330 0.3330 0.3330 0.3330 0.3330 0.3330 0.3330 0.3330 0.3330 0.3330 0.3330 0.3330 0.3330 0.3330 0.3330 0.3330 0.3330 0.3330 6.3270 1.4584 9.4056 
13.0000 15.0000 -0.0000 0.0000 20.0000 2 -1.0000 1.0000 7.2750 0.0000 -0.9373 1.1114 -4.2163 4.3621 5.9911 -12.5710 -0.1765 -4.5904 6.7386 -0.5532 -5.9445 -3.0030 3.7150 -1.5765 2.0104 -2.1246 -0.9541 10.9639 -0.5304 1.4157 0.2048 0.2761 0.4355 0.4052 0.2737 0.4901 0.3295 0.2576 0.3226 0.4943 0.2298 0.2866 0.2597 0.2855 0.4271 0.3822 0.3292 0.3876 0.2483 6.3256 1.5195 8.7919 
13.0000 16.0000 0.0000 1.0000 14.0000 8 1.0000 0.0000 4.5100 0.0000 1.3605 1.4634 2.2347 3.7706 0.3020 -7.5350 0.4643 -3.9945 -1.7969 0.2588 -3.4038 -1.8236 10.2593 -2.0834 6.0287 9.3542 -1.4474 -3.1102 -10.4137 1.1831 0.3330 0.3330 0.3330 0.3330 0.3330 0.3330 0.3330 0.3330 0.3330 0.3330 0.3330 0.3330 0.3330 0.3330 0.3330 0.3330 0.3330 0.3330 0.3330 6.3270 1.6750 6.1944 
13.0000 17.0000 0.0000 0.0000 20.0000 8 1.0000 1.0000 6.9960 0.0000 -0.7926 2.3889 -1.6924 2.4932 8.8939 -1.6108 2.1870 -2.1021 -9.8618 -4.9462 2.3193 -3.0063 -0.7592 -8.4726 0.8838 12.8711 -1.1024 -0.3437 1.3713 2.5803 0.5281 0.4255 0.2599 0.2895 0.4254 0.4523 0.3453 0.3912 0.3373 0.2206 0.3642 0.3908 0.2400 0.2077 0.3971 0.3267 0.2189 0.2818 0.2168 6.3191 1.4022 8.4131 
13.0000 18.0000 0.0000 0.0000 20.0000 8 1.0000 1.0000 7.2500 0.0000 2.9179 -5.8842 1.3417 4.3417 0.1250 2.3615 11.4486 -3.6261 -0.9775 -10.1420 -1.2221 6.0909 -3.6972 -0.1266 -3.6483 -3.4517 6.5631 -4.5091 0.3379 0.9185 0.2505 0.2774 0.4371 0.2038 0.4010 0.2498 0.2927 0.3799 0.3389 0.2869 0.4205 0.2379 0.4607 0.2339 0.3725 0.4708 0.3631 0.2719 0.3866 6.3360 1.4772 8.7337 
13.0000 19.0000 -0.0000 0.0000 20.0000 2 -1.0000 1.0000 7.9010 0.0000 3.3678 3.8795 -0.4493 -8.4787 6.6974 1.0439 -7.5990 5.6552 -5.7116 -7.7654 -3.8907 -1.9449 2.3759 3.3357 1.9764 8.6799 -3.0840 -2.8696 5.2691 0.4127 0.2509 0.3225 0.4383 0.3907 0.2408 0.4597 0.2500 0.4369 0.3248 0.2117 0.5126 0.3786 0.2150 0.2989 0.3336 0.5017 0.2338 0.2927 0.2260 6.3191 1.6604 9.5680 
13.0000 20.0000 -0.0000 1.0000 9.0000 8 1.0000 0.0000 2.8350 0.0000 -1.4383 -0.1508 9.7336 7.4407 -0.4871 2.8399 7.1717 1.7882 3.3222 -2.1164 -8.5121 4.0766 2.5882 -4.5719 -2.6218 -3.0876 0.1893 -3.9460 -6.9649 -6.6689 0.3330 0.3330 0.3330 0.3330 0.3330 0.3330 0.3330 0.3330 0.3330 0.3330 0.3330 0.3330 0.3330 0.3330 0.3330 0.3330 0.3330 0.3330 0.3330 6.3270 1.4021 4.2353 
13.0000 21.0000 -0.0000 1.0000 12.0000 2 -1.0000 1.0000 3.8400 0.0000 -3.8780 4.1306 -0.1706 -8.2777 2.9067 4.8986 -6.6797 -6.8379 0.5926 -9.4245 -4.0525 4.5359 2.4026 0.2392 5.0978 6.6877 -0.3276 6.2403 -1.8316 2.7723 0.3330 0.3330 0.3330 0.3330 0.3330 0.3330 0.3330 0.3330 0.3330 0.3330 0.3330 0.3330 0.3330 0.3330 0.3330 0.3330 0.3330 0.3330 0.3330 6.3270 1.6708 5.5078 
13.0000 22.0000 -0.0000 0.0000 20.0000 2 -1.0000 1.0000 7.1970 0.0000 0.9952 2.8839 -9.1910 8.9134 -6.2962 -0.9107 -0.8363 -3.1287 -6.1062 -6.5428 4.5112 3.7378 0.7013 2.4559 -2.0297 4.6263 7.8121 -4.3432 3.2225 0.1498 0.2632 0.4335 0.2158 0.3603 0.2476 0.2890 0.4649 0.2084 0.3930 0.2420 0.3597 0.2720 0.3192 0.2149 0.2617 0.5080 0.4400 0.3918 0.4488 6.3338 1.6334 8.8313 
13.0000 23.0000 0.0000 0.0000 14.0000 2 -1.0000 1.0000 4.8010 0.0000 -2.2151 -1.4059 0.6771 1.7881 -12.7121 -0.3057 -5.6347 2.2681 5.5901 -4.4380 0.1671 3.6273 -1.7136 -2.8008 1.6469 5.2284 -2.0129 7.7160 -3.5994 10.0997 0.5143 0.4365 0.2674 0.4127 0.3773 0.4297 0.3322 0.2792 0.3150 0.5233 0.3127 0.2040 0.2771 0.2224 0.4127 0.2668 0.2265 0.3079 0.1998 6.3174 1.4328 6.2518 
13.0000 24.0000 0.0000 0.0000 19.0000 2 -1.0000 1.0000 6.0070 0.0000 -3.0680 -2.3042 -0.9578 6.9725 -5.6399 1.6980 2.2511 4.1476 3.9159 6.3202 -6.0605 5.9229 -6.5571 -5.3261 6.7817 -9.8324 -1.8540 3.8005 0.2603 -0.7214 0.2094 0.4283 0.3913 0.3126 0.2115 0.4256 0.3032 0.2009 0.4168 0.2744 0.3296 0.2581 0.3976 0.3682 0.2227 0.3928 0.2946 0.3614 0.5253 6.3244 1.6108 7.6243 
13.0000 25.0000 0.0000 1.0000 17.0000 8 1.0000 0.0000 5.4080 0.0000 -1.2136 0.1643 3.0390 -11.5021 1.0601 2.8884 4.1184 1.5738 -4.2118 -4.5805 -0.2855 2.1363 1.6330 7.9162 8.3357 1.8600 -1.2999 0.3630 -0.0217 -10.5233 0.3330 0.3330 0.3330 0.3330 0.3330 0.3330 0.3330 0.3330 0.3330 0.3330 0.3330 0.3330 0.3330 0.3330 0.3330 0.3330 0.3330 0.3330 0.3330 6.3270 1.4498 6.8751 
13.0000 26.0000 0.0000 0.0000 20.0000 2 -1.0000 1.0000 7.4020 0.0000 -1.0893 2.0340 3.6380 1.4926 3.2601 -4.7706 1.2049 -1.5963 -0.8530 -4.2827 6.8330 7.3337 8.1365 -8.4316 -6.7402 -1.4875 -9.0965 0.8677 4.5153 -0.4394 0.3631 0.3137 0.2074 0.4360 0.2287 0.4286 0.5271 0.3222 0.5158 0.2437 0.2930 0.2301 0.4764 0.3517 0.2676 0.3247 0.2648 0.2195 0.3052 6.3193 1.5059 8.9197 
13.0000 27.0000 -0.0000 1.0000 20.0000 2 -1.0000 1.0000 7.3870 0.0000 3.5719 -0.1305 5.3800 5.1638 -3.0986 -2.6308 -1.4816 -9.6889 1.8281 7.5802 -3.6305 6.9862 4.1381 0.0959 1.9262 -1.5613 0.3346 -2.1597 -11.9689 0.0709 0.3330 0.3330 0.3330 0.3330 0.3330 0.3330 0.3330 0.3330 0.3330 0.3330 0.3330 0.3330 0.3330 0.3330 0.3330 0.3330 0.3330 0.3330 0.3330 6.3270 1.6297 9.0214 
13.0000 28.0000 -0.0000 1.0000 20.0000 8 1.0000 0.0000 7.0520 0.0000 2.8671 7.6865 4.7925 -10.6140 -6.1597 -1.3844 0.9881 1.9712 -3.5054 -7.3619 8.1165 3.1204 2.8372 -4.4792 0.8743 -3.4231 1.7831 4.4712 -2.4364 -0.0750 0.3330 0.3330 0.3330 0.3330 0.3330 0.3330 0.3330 0.3330 0.3330 0.3330 0.3330 0.3330 0.3330 0.3330 0.3330 0.3330 0.3330 0.3330 0.3330 6.3270 1.4569 8.5028 
13.0000 29.0000 0.0000 1.0000 20.0000 2 -1.0000 0.0000 6.9490 0.0000 2.8692 -8.7012 2.1033 2.4316 -0.7660 -0.3595 4.6121 1.4027 -8.4545 -1.6568 6.6861 4.4125 4.1756 -10.2518 -1.2749 -1.0615 6.3401 -1.1625 -6.6037 4.4382 0.3330 0.3330 0.3330 0.3330 0.3330 0.3330 0.3330 0.3330 0.3330 0.3330 0.3330 0.3330 0.3330 0.3330 0.3330 0.3330 0.3330 0.3330 0.3330 6.3270 1.5047 8.4662 
13.0000 30.0000 0.0000 0.0000 20.0000 8 1.0000 0.0000 7.3370 1.0000 -4.1103 1.9604 -3.9177 1.1389 5.9606 -2.4185 8.8012 -7.1428 -7.8992 1.0456 1.2446 4.0749 0.7095 2.9689 3.9507 3.4212 -6.2379 5.2964 -3.1532 -7.4132 0.2394 0.4181 0.2158 0.2674 0.3681 0.2754 0.4247 0.2573 0.4081 0.5098 0.3338 0.4773 0.2409 0.2114 0.3070 0.2760 0.5099 0.2335 0.3463 6.3204 1.4317 8.7875 
13.0000 31.0000 -0.9900 0.0000 20.0000 8 1.0000 0.0000 7.7580 1.0000 1.8597 -11.0155 -8.1024 5.1933 -6.2105 -0.5314 -6.3301 -3.2999 1.4317 -2.9461 -3.5801 -0.8494 10.0217 -0.5785 5.3933 2.5179 -3.2902 -0.6903 -3.9611 3.8732 0.2746 0.3634 0.3026 0.4549 0.5113 0.3344 0.2079 0.2769 0.3046 0.2459 0.4176 0.2554 0.3038 0.2710 0.4305 0.3540 0.2261 0.4257 0.3719 6.3326 1.6380 9.4093 
13.0000 32.0000 1.9800 0.0000 14.0000 8 1.0000 1.0000 4.2420 2.0000 -1.5577 4.3781 6.1892 -9.2740 4.5489 2.2545 -2.6034 -0.9399 0.5958 2.2787 3.4687 11.8792 -1.0480 2.3232 7.1974 -6.4270 3.2180 4.3163 8.5467 1.6647 0.2046 0.3007 0.3757 0.3105 0.2424 0.4215 0.3095 0.2443 0.3392 0.2387 0.2901 0.2539 0.3774 0.5318 0.4948 0.2353 0.2946 0.4709 0.3957 6.3314 1.6089 5.8592 
13.0000 33.0000 1.6500 1.0000 20.0000 8 1.0000 1.0000 6.5870 2.0000 -2.5926 0.0933 0.3512 -3.2264 9.3424 2.9622 -3.8518 -2.2715 -5.9297 1.8883 8.3711 6.5415 -0.0375 9.5980 2.0772 2.5088 -0.6365 9.1802 -5.1630 4.6805 0.3330 0.3330 0.3330 0.3330 0.3330 0.3330 0.3330 0.3330 0.3330 0.3330 0.3330 0.3330 0.3330 0.3330 0.3330 0.3330 0.3330 0.3330 0.3330 6.3270 1.4256 8.0211 
13.0000 34.0000 1.6500 0.0000 12.0000 8 1.0000 1.0000 3.9230 2.0000 3.6816 4.7517 -4.3078 2.3153 7.6912 -8.7757 5.6560 6.6461 4.6505 6.3736 1.2697 4.5294 0.9446 4.8214 -6.0224 -0.0041 -6.4759 8.6120 -3.0217 -1.4060 0.4131 0.3763 0.4453 0.2853 0.4360 0.3449 0.3145 0.3535 0.2436 0.4172 0.2621 0.4213 0.2346 0.3870 0.2444 0.3621 0.3018 0.2138 0.2649 6.3217 1.4210 5.3406 
13.0000 35.0000 -1.3200 1.0000 20.0000 2 -1.0000 1.0000 8.0870 2.0000 -4.2303 1.5737 3.7513 -8.2281 1.1423 -3.8748 0.3304 6.3549 0.1034 -4.4920 -2.4719 -9.8662 2.7255 -3.6951 -7.0305 1.7713 -9.4444 -0.2548 1.5389 7.9143 0.3330 0.3330 0.3330 0.3330 0.3330 0.3330 0.3330 0.3330 0.3330 0.3330 0.3330 0.3330 0.3330 0.3330 0.3330 0.3330 0.3330 0.3330 0.3330 6.3270 1.4046 9.5043 
13.0000 36.0000 1.3200 0.0000 7.0000 8 1.0000 1.0000 2.0560 2.0000 3.3574 6.5224 6.4099 1.2721 11.7533 -1.2535 -5.8460 0.3641 -8.3179 -4.0452 2.7752 -0.9528 5.9987 -5.8655 1.9016 -0.9441 5.3462 -0.3105 5.7835 1.7987 0.2844 0.2305 0.4829 0.2570 0.3039 0.4116 0.3241 0.4314 0.4633 0.2519 0.2107 0.3659 0.4160 0.2478 0.2762 0.3045 0.2354 0.3537 0.4785 6.3297 1.5251 3.5899 
13.0000 37.0000 0.9900 0.0000 20.0000 8 1.0000 1.0000 6.8980 2.0000 4.2302 3.2826 -3.2256 -1.8495 1.4254 0.6565 -1.4518 1.7814 -8.5285 -1.9040 6.1496 -6.3613 0.4235 2.4268 -1.6437 5.5476 -1.3729 1.7076 3.5949 15.8931 0.2481 0.2873 0.4149 0.2420 0.2049 0.2369 0.4510 0.5117 0.2598 0.3570 0.3175 0.4983 0.3292 0.2500 0.5232 0.2374 0.3195 0.3566 0.2726 6.3179 1.5496 8.4654 
13.0000 38.0000 -0.6600 1.0000 11.0000 8 1.0000 0.0000 3.5300 2.0000 -2.3598 -4.0964 -3.5022 -4.1395 -0.1156 -1.5465 3.6587 0.7717 11.9239 -3.9905 -6.7914 -4.5121 -5.5176 -0.2242 10.1050 -1.1072 4.9932 -3.4076 -5.2865 1.6486 0.3330 0.3330 0.3330 0.3330 0.3330 0.3330 0.3330 0.3330 0.3330 0.3330 0.3330 0.3330 0.3330 0.3330 0.3330 0.3330 0.3330 0.3330 0.3330 6.3270 1.6272 5.1637 
13.0000 39.0000 -0.6600 0.0000 20.0000 8 1.0000 0.0000 6.4430 3.0000 -1.9561 8.0035 0.7660 -1.5447 -2.7718 -13.0324 -2.2771 -2.2142 -0.4679 0.5144 -3.7626 5.1654 -5.9110 3.9419 -6.4567 5.5023 -0.2205 -0.8425 7.6116 -1.8621 0.2005 0.2467 0.4111 0.2102 0.3666 0.3187 0.2623 0.5008 0.2930 0.4260 0.4917 0.2191 0.3686 0.4657 0.2017 0.4251 0.2705 0.2014 0.4540 6.3338 1.5108 7.9601 
13.0000 40.0000 1.6500 0.0000 20.0000 2 -1.0000 0.0000 7.0080 3.0000 2.8240 -3.2400 5.4601 4.5625 5.5710 -0.5113 -4.2924 12.1719 6.9943 1.2817 -5.3242 -1.4106 2.6983 8.9244 1.8923 -1.6934 -5.0522 4.2019 3.1531 -4.5966 0.2946 0.2239 0.4142 0.3213 0.3899 0.2164 0.4763 0.2794 0.4937 0.3152 0.2353 0.4920 0.3317 0.2337 0.4984 0.2973 0.2649 0.2959 0.2550 6.3292 1.4997 8.5087 
13.0000 41.0000 -2.6400 1.0000 11.0000 2 -1.0000 1.0000 3.6460 3.0000 0.6600 -2.3295 -7.0176 -1.3547 4.3334 -1.2730 -5.1700 -11.9706 2.4385 -12.1419 1.9436 6.7134 -5.4547 -4.1047 -4.3357 1.4590 -7.0963 -3.6566 -0.1596 -6.2645 0.3330 0.3330 0.3330 0.3330 0.3330 0.3330 0.3330 0.3330 0.3330 0.3330 0.3330 0.3330 0.3330 0.3330 0.3330 0.3330 0.3330 0.3330 0.3330 6.3270 1.7225 5.3635 
13.0000 42.0000 -2.6400 1.0000 7.0000 2 -1.0000 1.0000 2.2320 3.0000 -6.0422 -6.3801 -13.0556 0.2813 4.4919 -9.4684 8.0210 1.5194 1.9356 -0.9771 -2.2267 -2.1503 1.4250 -3.8953 -7.8338 -0.8737 -3.8822 -3.1867 -6.0865 -2.5242 0.3330 0.3330 0.3330 0.3330 0.3330 0.3330 0.3330 0.3330 0.3330 0.3330 0.3330 0.3330 0.3330 0.3330 0.3330 0.3330 0.3330 0.3330 0.3330 6.3270 1.6593 3.8998 
13.0000 43.0000 2.6400 1.0000 8.0000 8 1.0000 1.0000 2.6440 3.0000 7.3420 -0.4952 7.8495 10.9599 2.2970 -0.2849 2.5225 2.0720 0.1460 0.0209 4.9316 9.9865 0.5717 -5.2084 -7.4571 -1.4151 4.9451 -0.3368 7.5621 8.2827 0.3330 0.3330 0.3330 0.3330 0.3330 0.3330 0.3330 0.3330 0.3330 0.3330 0.3330 0.3330 0.3330 0.3330 0.3330 0.3330 0.3330 0.3330 0.3330 6.3270 1.7161 4.3781 
13.0000 44.0000 -2.6400 0.0000 19.0000 2 -1.0000 1.0000 6.2510 4.0000 -2.1953 -6.3042 -11.1906 -1.6711 2.5777 0.3943 -6.8675 -0.1047 -0.6526 -0.8074 -1.0504 -3.2812 -3.0682 1.6747 3.4934 4.0355 -6.6641 -12.4103 1.3253 -11.1668 0.2396 0.5028 0.3063 0.2015 0.5257 0.4141 0.3332 0.2706 0.4539 0.4958 0.2382 0.2118 0.2761 0.2168 0.3276 0.3893 0.2746 0.4015 0.2425 6.3218 1.5730 7.8352 
13.0000 45.0000 2.3100 0.0000 19.0000 8 1.0000 1.0000 6.2240 4.0000 6.9930 5.9011 4.1425 5.2190 0.2437 0.4613 -1.9018 1.0582 -0.5955 -1.4111 -7.9775 1.2677 7.9975 -7.3246 6.2099 10.6039 6.8570 -3.9688 4.7543 6.2634 0.2935 0.2165 0.2541 0.3766 0.4190 0.3711 0.4656 0.3132 0.2784 0.3136 0.4203 0.2560 0.3360 0.5134 0.2539 0.3277 0.4210 0.2289 0.2724 6.3312 1.4211 7.6577 
13.0000 46.0000 1.9800 0.0000 20.0000 2 -1.0000 0.0000 7.3780 5.0000 0.6037 2.9104 0.1438 0.3551 5.8674 7.0853 -7.5429 9.3528 1.9830 8.7982 -6.6235 -5.0467 -1.3780 1.5679 -2.2830 5.9250 8.6090 -0.2453 4.2773 3.2695 0.3111 0.2370 0.2899 0.3804 0.2277 0.3855 0.4348 0.2386 0.2006 0.3958 0.5041 0.2117 0.2726 0.4705 0.3903 0.2485 0.4476 0.2063 0.4784 6.3313 1.6698 9.0624 
13.0000 47.0000 2.9700 1.0000 17.0000 8 1.0000 1.0000 5.4070 5.0000 3.3092 4.9420 4.2569 14.1982 -2.2296 5.9108 -0.6675 2.7886 3.1490 4.9708 2.9209 3.5472 2.0808 2.0653 2.3585 5.1237 7.3761 0.5562 -12.9821 5.2892 0.3330 0.3330 0.3330 0.3330 0.3330 0.3330 0.3330 0.3330 0.3330 0.3330 0.3330 0.3330 0.3330 0.3330 0.3330 0.3330 0.3330 0.3330 0.3330 6.3270 1.5461 6.9574 
13.0000 48.0000 2.9700 1.0000 9.0000 8 1.0000 1.0000 2.8890 5.0000 0.7101 5.0508 10.3345 0.5811 -0.0884 -2.1774 12.7350 8.9225 -1.7529 1.5427 -2.3074 4.4673 -2.3543 -3.2632 8.7129 5.3108 8.2315 0.3551 -3.1067 6.4155 0.3330 0.3330 0.3330 0.3330 0.3330 0.3330 0.3330 0.3330 0.3330 0.3330 0.3330 0.3330 0.3330 0.3330 0.3330 0.3330 0.3330 0.3330 0.3330 6.3270 1.6814 4.5728 
13.0000 49.0000 -2.9700 0.0000 7.0000 2 -1.0000 1.0000 2.2180 6.0000 -6.6764 -8.0272 -5.0480 5.0965 -0.4548 -6.3042 -1.1213 -9.3028 -7.5317 3.5815 0.3438 -3.8195 -5.6869 -0.5078 4.1150 1.4138 -6.4950 -2.2207 -12.9559 3.4202 0.3734 0.2252 0.4042 0.2549 0.4858 0.3063 0.3480 0.3886 0.4553 0.3490 0.4834 0.2166 0.3301 0.2598 0.2188 0.2949 0.2083 0.4915 0.2308 6.3251 1.4289 3.6692 
13.0000 50.0000 -2.6400 1.0000 6.0000 2 -1.0000 1.0000 1.8570 6.0000 -1.9553 -0.5001 -6.5802 -7.6571 -3.9410 -5.5142 -0.7589 1.2226 -3.3839 -7.3304 6.4207 0.0840 3.7204 -13.1574 -3.7066 1.2875 1.4018 -11.0256 -3.7612 3.5685 0.3330 0.3330 0.3330 0.3330 0.3330 0.3330 0.3330 0.3330 0.3330 0.3330 0.3330 0.3330 0.3330 0.3330 0.3330 0.3330 0.3330 0.3330 0.3330 6.3270 1.4952 3.3744 
13.0000 51.0000 -2.6400 0.0000 11.0000 2 -1.0000 1.0000 3.4800 6.0000 -2.4277 -6.8617 2.7761 -2.3181 7.1722 -7.2808 -7.7989 -2.3857 2.9794 -5.4408 0.0095 -3.3906 -10.3637 -10.4970 -1.0204 5.8114 2.2785 -7.8431 -3.5477 -2.9079 0.4144 0.4452 0.2480 0.2960 0.4744 0.2373 0.2890 0.3169 0.2560 0.4792 0.2772 0.4008 0.2455 0.4634 0.2401 0.4369 0.3455 0.2529 0.2071 6.3258 1.4154 4.9142 
13.0000 52.0000 -2.3100 0.0000 9.0000 2 -1.0000 1.0000 2.8230 6.0000 -4.6876 -0.9674 -1.0344 7.0809 -7.2713 -5.1093 -3.3217 -3.3545 3.9607 -3.0708 1.7644 -5.0469 -5.0643 -15.5658 0.1999 -3.9634 -7.7970 1.1317 2.0833 2.4112 0.3762 0.4078 0.3042 0.2599 0.3209 0.2060 0.2725 0.3344 0.3653 0.2386 0.4201 0.5099 0.4583 0.2363 0.3915 0.2369 0.4160 0.3536 0.2232 6.3315 1.5834 4.4237 
13.0000 53.0000 1.9800 0.0000 8.0000 8 1.0000 1.0000 2.8960 6.0000 -2.3621 -4.1443 -1.0255 1.5261 3.3822 4.5223 3.3761 8.7608 9.0004 2.0454 -5.1616 10.6059 0.0370 -6.2369 -3.8856 0.9160 3.8081 2.5653 9.5557 1.6805 0.2905 0.3560 0.5013 0.3562 0.3922 0.5145 0.3383 0.2583 0.3568 0.2125 0.3169 0.2159 0.2616 0.3816 0.2236 0.3659 0.2723 0.4489 0.2683 6.3315 1.6989 4.5965 
13.0000 54.0000 1.6500 1.0000 8.0000 8 1.0000 1.0000 2.3750 6.0000 2.4881 8.2137 -7.7888 2.1015 -1.8400 7.2521 -0.0971 10.1373 -0.2367 1.6440 5.7987 5.8200 -4.9440 8.4359 -3.9468 0.9419 5.4837 -0.0572 -5.8114 0.9904 0.3330 0.3330 0.3330 0.3330 0.3330 0.3330 0.3330 0.3330 0.3330 0.3330 0.3330 0.3330 0.3330 0.3330 0.3330 0.3330 0.3330 0.3330 0.3330 6.3270 1.6986 4.0753 
13.0000 55.0000 -1.6500 1.0000 18.0000 2 -1.0000 1.0000 5.7370 6.0000 0.3678 1.9515 -2.6330 1.9987 -4.1166 5.8416 4.5530 -6.8431 -1.7740 -11.0805 0.0905 -3.1288 -7.6859 2.7064 -3.5651 0.0453 -1.6801 -4.4528 -10.4485 6.7417 0.3330 0.3330 0.3330 0.3330 0.3330 0.3330 0.3330 0.3330 0.3330 0.3330 0.3330 0.3330 0.3330 0.3330 0.3330 0.3330 0.3330 0.3330 0.3330 6.3270 1.6611 7.4040 
13.0000 56.0000 1.6500 1.0000 15.0000 8 1.0000 1.0000 4.8980 6.0000 1.3969 2.9029 -5.2087 5.7199 1.8538 12.5381 0.9014 0.7964 4.0503 8.4764 2.0546 -5.6377 -0.8792 9.3490 4.2138 0.1758 1.5777 -3.8793 -4.3849 -3.4524 0.3330 0.3330 0.3330 0.3330 0.3330 0.3330 0.3330 0.3330 0.3330 0.3330 0.3330 0.3330 0.3330 0.3330 0.3330 0.3330 0.3330 0.3330 0.3330 6.3270 1.4892 6.3988 
13.0000 57.0000 1.6500 0.0000 20.0000 2 -1.0000 0.0000 7.1480 7.0000 6.0728 -1.4201 1.6715 -10.3727 7.5743 1.2671 -0.2154 8.4683 0.6554 -3.9870 -4.1654 2.2264 7.0737 -1.1746 -3.3820 1.9473 3.3563 4.3317 9.2414 3.7282 0.2224 0.4567 0.3200 0.2620 0.5190 0.4085 0.4575 0.3873 0.2177 0.3241 0.2899 0.3187 0.5303 0.2690 0.3459 0.2133 0.2486 0.2958 0.2397 6.3263 1.4910 8.6482 
13.0000 58.0000 2.6400 1.0000 17.0000 8 1.0000 1.0000 5.3720 7.0000 6.6060 2.8475 3.2398 4.2118 1.9844 -2.0137 1.1589 -4.8149 0.2380 3.5872 5.3662 0.4381 4.1922 0.1130 2.9784 -4.2288 -3.8572 2.3614 10.4545 16.2208 0.3330 0.3330 0.3330 0.3330 0.3330 0.3330 0.3330 0.3330 0.3330 0.3330 0.3330 0.3330 0.3330 0.3330 0.3330 0.3330 0.3330 0.3330 0.3330 6.3270 1.6009 6.9899 
13.0000 59.0000 2.6400 0.0000 6.0000 8 1.0000 1.0000 2.0700 8.0000 6.5534 -0.4069 6.5491 -0.8207 -2.1591 6.1073 -4.8979 8.5870 -0.7548 10.0630 0.0959 4.2346 8.6004 3.3008 -3.6579 6.6782 4.2624 -1.6557 8.3102 -5.7273 0.3699 0.2488 0.3983 0.3108 0.4930 0.3734 0.2690 0.3440 0.3123 0.3443 0.4077 0.4561 0.2080 0.3096 0.4248 0.2171 0.2724 0.3221 0.2470 6.3287 1.4612 3.5375 
13.0000 60.0000 -2.3100 1.0000 5.0000 2 -1.0000 1.0000 1.4850 8.0000 -6.1084 -10.5926 1.4947 -5.1431 5.5347 -5.1336 -7.3329 5.5928 -1.4438 0.4662 2.0487 -9.2596 -3.1424 -0.9193 -0.2747 -5.3923 -5.4777 -9.3910 2.1031 4.6699 0.3330 0.3330 0.3330 0.3330 0.3330 0.3330 0.3330 0.3330 0.3330 0.3330 0.3330 0.3330 0.3330 0.3330 0.3330 0.3330 0.3330 0.3330 0.3330 6.3270 1.6178 3.1196 
13.0000 61.0000 2.3100 1.0000 20.0000 8 1.0000 1.0000 7.1240 8.0000 3.6245 -5.8471 8.8636 -2.3039 5.6326 2.6049 -6.6995 7.2894 5.1841 1.7059 6.9029 2.7512 2.4764 3.3882 -5.9122 1.9949 9.1071 -2.7217 8.2223 -1.8453 0.3330 0.3330 0.3330 0.3330 0.3330 0.3330 0.3330 0.3330 0.3330 0.3330 0.3330 0.3330 0.3330 0.3330 0.3330 0.3330 0.3330 0.3330 0.3330 6.3270 1.4021 8.5408 
13.0000 62.0000 -2.3100 1.0000 20.0000 2 -1.0000 1.0000 6.8660 8.0000 -3.1187 4.7736 -6.1058 -0.9984 -5.7703 6.1641 -8.6739 -7.3377 3.1544 -3.7922 0.8341 0.3274 -2.6349 -4.3282 -12.6783 2.9057 -3.9926 3.4683 1.2581 -7.8503 0.3330 0.3330 0.3330 0.3330 0.3330 0.3330 0.3330 0.3330 0.3330 0.3330 0.3330 0.3330 0.3330 0.3330 0.3330 0.3330 0.3330 0.3330 0.3330 6.3270 1.6080 8.4838 
13.0000 63.0000 2.3100 0.0000 11.0000 8 1.0000 1.0000 3.5010 8.0000 6.1388 -2.7177 5.8541 -5.9248 7.7158 3.2762 5.3923 4.6598 6.3408 6.7220 5.3502 5.9868 -2.2669 2.6197 2.4070 -7.3304 -7.8469 4.4714 -0.8138 4.4940 0.3545 0.3034 0.2231 0.4682 0.5243 0.3278 0.2068 0.2624 0.3015 0.3810 0.2775 0.4234 0.4791 0.2767 0.3375 0.2172 0.2552 0.5041 0.2095 6.3336 1.7063 5.2186 
13.0000 64.0000 -1.9800 0.0000 20.0000 2 -1.0000 1.0000 7.5130 8.0000 2.9424 3.8364 1.2233 -5.8497 -5.1391 2.3579 -7.5988 -2.4324 3.2682 -0.2491 -0.4256 -9.0260 -0.0880 -5.6360 -3.6531 -8.1000 -10.2110 9.1596 0.2086 -5.2612 0.4627 0.2465 0.4149 0.3166 0.5273 0.3509 0.2297 0.3932 0.2911 0.2151 0.2970 0.3934 0.3067 0.2421 0.4495 0.3018 0.4151 0.2084 0.2682 6.3303 1.6938 9.2134 
13.0000 65.0000 -1.6500 1.0000 20.0000 8 1.0000 0.0000 7.3580 8.0000 -2.5587 -3.5641 -3.3892 -0.8497 -6.2051 6.1088 0.7606 1.0834 -7.7443 -2.0311 8.4804 -10.2656 4.3671 3.6953 -6.4193 -5.7395 -0.0624 -4.3772 2.0274 -7.5523 0.3330 0.3330 0.3330 0.3330 0.3330 0.3330 0.3330 0.3330 0.3330 0.3330 0.3330 0.3330 0.3330 0.3330 0.3330 0.3330 0.3330 0.3330 0.3330 6.3270 1.6385 9.0093 
13.0000 66.0000 1.6500 1.0000 20.0000 8 1.0000 1.0000 6.9820 8.0000 -1.1879 -0.3080 0.4534 -1.9295 1.7183 6.1116 9.0150 -2.6553 2.7691 -5.8096 8.3128 1.2171 -4.6160 2.1875 -3.6870 5.1251 7.9130 1.6419 -4.9637 10.7406 0.3330 0.3330 0.3330 0.3330 0.3330 0.3330 0.3330 0.3330 0.3330 0.3330 0.3330 0.3330 0.3330 0.3330 0.3330 0.3330 0.3330 0.3330 0.3330 6.3270 1.5690 8.5657 
13.0000 67.0000 -1.6500 1.0000 20.0000 8 1.0000 0.0000 6.6760 8.0000 -0.3090 1.5048 -14.3059 5.1682 -4.0275 -1.7881 0.4002 1.6130 4.9227 0.3567 3.5642 -4.9620 4.8392 -0.0652 -7.5730 -5.0521 -2.7029 -1.6443 -3.8376 -7.7582 0.3330 0.3330 0.3330 0.3330 0.3330 0.3330 0.3330 0.3330 0.3330 0.3330 0.3330 0.3330 0.3330 0.3330 0.3330 0.3330 0.3330 0.3330 0.3330 6.3270 1.7100 8.3939 
13.0000 68.0000 -1.6500 0.0000 20.0000 2 -1.0000 1.0000 7.2990 8.0000 -3.4426 -6.4366 2.0180 2.5834 2.3933 -8.5107 -5.0511 1.0352 -5.3714 0.4897 7.7289 -1.3319 2.8947 0.7151 -0.1531 -5.2303 -14.5683 -2.4236 2.3744 -1.7809 0.4381 0.3001 0.3525 0.2876 0.3683 0.2009 0.5296 0.3082 0.4247 0.3071 0.2035 0.3185 0.3829 0.2429 0.4735 0.4204 0.2094 0.2712 0.2971 6.3367 1.4058 8.7160 
13.0000 69.0000 1.3200 1.0000 19.0000 8 1.0000 1.0000 6.2180 8.0000 1.4363 -0.2020 1.9322 -4.8908 9.6308 -0.4238 -3.0475 -8.6098 6.0221 11.5153 2.7112 0.4895 -2.7511 -2.1768 1.2732 10.0079 0.4517 4.1461 1.1107 -1.7774 0.3330 0.3330 0.3330 0.3330 0.3330 0.3330 0.3330 0.3330 0.3330 0.3330 0.3330 0.3330 0.3330 0.3330 0.3330 0.3330 0.3330 0.3330 0.3330 6.3270 1.5268 7.7522 
13.0000 70.0000 1.3200 0.0000 20.0000 8 1.0000 1.0000 7.0500 8.0000 2.2218 -11.5278 6.7154 0.1203 -0.2531 5.0341 8.8242 3.9657 -0.3528 -2.3880 1.4148 8.0539 8.6524 -0.8841 5.2035 -0.3886 -1.1146 -4.4486 -0.9005 -1.1278 0.2410 0.4482 0.3208 0.2454 0.3693 0.4630 0.2378 0.2838 0.3493 0.3222 0.3876 0.2020 0.3321 0.4428 0.3334 0.2320 0.3770 0.2373 0.4990 6.3239 1.4902 8.5343 
13.0000 71.0000 -0.9900 1.0000 18.0000 8 1.0000 0.0000 5.9720 8.0000 0.2849 4.9864 -0.1507 4.8893 -1.0123 -0.4313 2.3832 -1.0568 -5.0373 5.5677 9.0238 -6.1776 0.9948 -7.2096 -8.4684 1.1749 -1.5179 -8.4188 -0.4047 -8.0848 0.3330 0.3330 0.3330 0.3330 0.3330 0.3330 0.3330 0.3330 0.3330 0.3330 0.3330 0.3330 0.3330 0.3330 0.3330 0.3330 0.3330 0.3330 0.3330 6.3270 1.4706 7.4562 
13.0000 72.0000 -0.9900 1.0000 17.0000 2 -1.0000 1.0000 5.6110 8.0000 -1.4257 -5.1695 -0.5627 -5.0074 0.0652 -5.9694 3.1184 5.1374 3.6357 -2.8960 2.6758 -2.1980 -5.3658 -11.4606 -2.1148 2.2744 8.1467 7.7299 -6.1984 -4.3942 0.3330 0.3330 0.3330 0.3330 0.3330 0.3330 0.3330 0.3330 0.3330 0.3330 0.3330 0.3330 0.3330 0.3330 0.3330 0.3330 0.3330 0.3330 0.3330 6.3270 1.4290 7.0455 
13.0000 73.0000 0.9900 0.0000 20.0000 8 1.0000 1.0000 7.7120 8.0000 -1.9480 2.2125 13.5133 2.0207 -2.4412 5.9238 4.7949 -0.4980 2.7649 0.7515 8.1060 -2.5247 1.0125 -9.0038 -0.9976 2.6870 -3.3996 4.9804 -3.5870 -4.2840 0.3845 0.2367 0.4444 0.2513 0.3985 0.3201 0.2231 0.4524 0.2341 0.5059 0.2917 0.4570 0.2240 0.3402 0.2063 0.4600 0.3034 0.3435 0.2529 6.3303 1.5632 9.2793 
13.0000 74.0000 0.6600 0.0000 20.0000 8 1.0000 1.0000 7.0210 8.0000 -2.6277 0.3776 -6.2479 8.8394 5.8199 -7.6438 2.9856 0.0584 0.5307 -7.1749 2.7836 4.0273 -1.3315 1.0971 -1.8923 6.7487 -1.3151 -1.7480 -0.2915 10.5322 0.2414 0.4277 0.4776 0.3251 0.4535 0.3214 0.2088 0.2661 0.3066 0.3974 0.5286 0.3433 0.3046 0.2154 0.3083 0.2179 0.3954 0.3239 0.2636 6.3267 1.4404 8.4719 
13.0000 75.0000 -0.3300 1.0000 10.0000 2 -1.0000 1.0000 3.3190 8.0000 -1.0984 -2.4258 -2.5898 2.5759 -6.2889 1.2668 -0.2248 -6.9661 -5.6822 2.5930 7.7497 6.9181 4.3750 0.0924 3.8862 0.6143 2.9828 2.5894 -9.7300 -7.9342 0.3330 0.3330 0.3330 0.3330 0.3330 0.3330 0.3330 0.3330 0.3330 0.3330 0.3330 0.3330 0.3330 0.3330 0.3330 0.3330 0.3330 0.3330 0.3330 6.3270 1.5962 4.9192 
13.0000 76.0000 0.3300 1.0000 11.0000 2 -1.0000 0.0000 3.5380 8.0000 -1.0890 -3.7244 -0.5999 1.8619 0.4836 -1.5109 0.1207 -2.9231 5.9360 0.7123 3.5941 6.2651 0.8027 2.8081 -7.5723 13.1316 3.4112 -4.7525 -9.2104 -0.4987 0.3330 0.3330 0.3330 0.3330 0.3330 0.3330 0.3330 0.3330 0.3330 0.3330 0.3330 0.3330 0.3330 0.3330 0.3330 0.3330 0.3330 0.3330 0.3330 6.3270 1.6776 5.2224 
13.0000 77.0000 0.3300 0.0000 20.0000 2 -1.0000 0.0000 6.8930 9.0000 -0.0903 -7.9722 6.5928 4.9462 0.0304 0.7643 11.2181 -3.7631 -3.3835 -3.2027 -0.5808 -2.2095 0.0919 7.5264 -6.1549 -1.8773 2.6426 -6.0849 2.2885 6.8801 0.3102 0.4567 0.2020 0.5130 0.3300 0.2419 0.3683 0.2131 0.4156 0.2006 0.4989 0.4045 0.2363 0.3559 0.2407 0.2712 0.3279 0.2499 0.4857 6.3225 1.4167 8.3273 
13.0000 78.0000 -1.3200 0.0000 20.0000 2 -1.0000 1.0000 6.9110 10.0000 2.5215 -4.2067 6.1025 -0.6629 -5.0996 -8.8146 6.2549 -1.6357 -5.5625 -6.4500 3.0842 -4.4490 1.1361 -5.0445 5.8333 -1.9634 0.6567 1.9924 0.6299 -11.6982 0.4718 0.2399 0.3529 0.4402 0.4963 0.2104 0.3807 0.2307 0.3138 0.3841 0.2104 0.4190 0.3365 0.4910 0.3532 0.2756 0.2145 0.3058 0.2037 6.3307 1.5509 8.4781 
