subNo index mean periodicity nEvents pressedKey answer isCorrect rt reversal s1 s2 s3 s4 s5 s6 s7 s8 s9 s10 s11 s12 s13 s14 s15 s16 s17 s18 s19 s20 t1 t2 t3 t4 t5 t6 t7 t8 t9 t10 t11 t12 t13 t14 t15 t16 t17 t18 t19 seqDuration startInterval trialDuration 
2.0000 1.0000 9.0000 0.0000 9.0000 2 1.0000 1.0000 2.8320 0.0000 12.5851 8.7530 2.0270 15.7274 10.1503 8.6183 6.0594 8.5125 12.3136 16.4521 6.0301 8.3906 2.9083 10.1932 -1.3843 4.1941 18.9843 6.8049 8.3083 13.4947 0.2240 0.4120 0.2728 0.4539 0.4170 0.2671 0.3468 0.2832 0.3699 0.2260 0.4901 0.2188 0.4571 0.2127 0.4382 0.3162 0.3988 0.3123 0.2167 6.3336 1.7316 4.5660 
2.0000 2.0000 -9.0000 0.0000 5.0000 8 -1.0000 1.0000 1.1910 0.0000 -6.7288 -8.5767 -7.1611 -1.7915 -16.7991 -14.1773 0.3204 -4.3045 -13.9008 -7.0122 -4.2165 -8.7750 -8.0368 -4.2845 -9.0434 -6.3813 -12.8184 -13.0056 -19.2689 -13.3341 0.2208 0.2528 0.4456 0.2463 0.4117 0.3270 0.2957 0.2534 0.3295 0.4880 0.3364 0.4781 0.3553 0.5072 0.4225 0.2066 0.2586 0.2007 0.2963 6.3323 1.6026 2.8084 
2.0000 3.0000 7.0000 0.0000 9.0000 2 1.0000 1.0000 2.8930 0.0000 4.9472 8.3664 9.4455 12.0357 8.1107 3.2813 14.7509 4.2917 -1.7099 13.0556 4.7710 4.3719 11.3620 5.0889 10.6871 2.8754 9.9767 7.1417 -4.2831 11.8891 0.4216 0.2307 0.3157 0.2641 0.5238 0.2492 0.2158 0.4076 0.2721 0.5265 0.2516 0.2156 0.4948 0.3775 0.2510 0.4013 0.2479 0.3858 0.2799 6.3325 1.6941 4.5941 
2.0000 4.0000 -5.0000 1.0000 10.0000 8 -1.0000 1.0000 3.0060 0.0000 -3.5526 -10.9255 -3.6618 -3.8071 -1.5400 -1.2149 -10.3923 -14.1821 -5.9846 -6.2829 -11.2772 -9.4815 -7.2922 -6.0973 5.9545 -4.9649 3.7395 -5.9707 -6.0292 1.2188 0.3330 0.3330 0.3330 0.3330 0.3330 0.3330 0.3330 0.3330 0.3330 0.3330 0.3330 0.3330 0.3330 0.3330 0.3330 0.3330 0.3330 0.3330 0.3330 6.3270 1.5076 4.5231 
2.0000 5.0000 -5.0000 1.0000 6.0000 8 -1.0000 1.0000 1.7660 0.0000 -5.7205 -6.3548 -3.7340 -3.2519 0.3259 -5.2315 4.2632 -9.8085 3.0282 -5.5302 -12.2231 -11.5099 1.2143 -12.4561 -6.1070 -3.5476 -0.6675 -6.0796 -11.0202 -5.0412 0.3330 0.3330 0.3330 0.3330 0.3330 0.3330 0.3330 0.3330 0.3330 0.3330 0.3330 0.3330 0.3330 0.3330 0.3330 0.3330 0.3330 0.3330 0.3330 6.3270 1.6087 3.3836 
2.0000 6.0000 -5.0000 0.0000 6.0000 8 -1.0000 1.0000 1.6040 0.0000 -1.0601 -5.3667 0.0296 -8.1887 -2.4656 -16.0324 -9.8877 3.0352 -13.4106 -1.8711 -1.7574 -2.9637 -4.0323 -1.4859 -3.7265 -10.9359 -6.7800 -9.2688 -0.3631 -3.9251 0.2020 0.2289 0.2013 0.3181 0.3786 0.5317 0.2047 0.3855 0.3524 0.2524 0.4508 0.3198 0.5026 0.4262 0.2897 0.2308 0.3933 0.3511 0.3064 6.3265 1.4824 3.0883 
2.0000 7.0000 3.0000 1.0000 20.0000 2 1.0000 1.0000 7.8030 0.0000 6.5399 -8.2267 -0.9642 -2.4203 1.2731 4.4190 8.3866 6.6715 10.7396 3.4925 8.0797 4.2938 -1.1414 7.2760 6.9460 -5.3769 6.2968 2.1579 0.6993 0.7709 0.3330 0.3330 0.3330 0.3330 0.3330 0.3330 0.3330 0.3330 0.3330 0.3330 0.3330 0.3330 0.3330 0.3330 0.3330 0.3330 0.3330 0.3330 0.3330 6.3270 1.6140 9.4207 
2.0000 8.0000 3.0000 0.0000 6.0000 2 1.0000 1.0000 1.7290 0.0000 5.3551 2.4388 -3.1826 11.9687 0.4294 7.9284 1.8006 8.3390 6.2979 0.5673 2.8394 -3.4404 3.4011 1.3298 6.7793 -3.9418 0.6077 13.6132 -0.7842 -1.6879 0.2083 0.3090 0.2660 0.3013 0.4455 0.4158 0.2782 0.3742 0.4256 0.2586 0.3553 0.2931 0.3779 0.3247 0.2743 0.5110 0.2421 0.3154 0.3457 6.3219 1.6721 3.4129 
2.0000 9.0000 1.0000 0.0000 20.0000 8 -1.0000 0.0000 7.5170 1.0000 -0.2824 -2.9888 -5.7754 12.6292 7.5969 2.1461 1.0825 2.9660 0.9042 -1.5097 0.7770 -6.6065 -4.5454 -0.5025 -6.4657 8.3203 1.7803 2.9420 3.2757 4.3578 0.3207 0.2661 0.3486 0.4550 0.2169 0.2622 0.4270 0.2328 0.3964 0.2022 0.2561 0.2131 0.2639 0.4608 0.2360 0.4019 0.4498 0.5266 0.3890 6.3254 1.4739 9.0014 
2.0000 10.0000 -1.9900 0.0000 20.0000 2 1.0000 0.0000 7.4570 1.0000 -6.1835 -3.3669 7.9169 3.4711 -3.2755 -4.7844 0.0602 -9.3542 -5.1913 4.2237 -1.3083 -0.7747 -11.3893 -2.8006 0.3539 -8.1071 -1.7199 -3.6296 1.2089 6.3800 0.4128 0.2873 0.3553 0.3003 0.2172 0.4808 0.3388 0.3889 0.5250 0.2199 0.3027 0.2136 0.2852 0.4276 0.2500 0.3927 0.2668 0.3949 0.2754 6.3353 1.6519 9.1077 
2.0000 11.0000 -2.9800 1.0000 20.0000 8 -1.0000 1.0000 7.4220 1.0000 -6.1465 -3.3092 -0.0230 5.1015 -11.7192 -7.0285 -2.5000 -1.3243 -8.7305 -0.7923 3.2854 -1.8101 -1.7858 -7.3382 1.8728 5.0115 -7.7148 -8.8225 -6.6052 1.9147 0.3330 0.3330 0.3330 0.3330 0.3330 0.3330 0.3330 0.3330 0.3330 0.3330 0.3330 0.3330 0.3330 0.3330 0.3330 0.3330 0.3330 0.3330 0.3330 6.3270 1.4224 8.8557 
2.0000 12.0000 -2.9800 1.0000 20.0000 2 1.0000 0.0000 7.0850 1.0000 0.4784 -6.2498 -0.8212 5.4498 1.3087 -4.7533 -4.6821 -0.3361 -9.3104 -4.7152 -3.0644 0.8071 7.0018 -6.5380 -7.6941 -4.7695 -6.8994 -7.4642 -10.0481 4.4454 0.3330 0.3330 0.3330 0.3330 0.3330 0.3330 0.3330 0.3330 0.3330 0.3330 0.3330 0.3330 0.3330 0.3330 0.3330 0.3330 0.3330 0.3330 0.3330 6.3270 1.5863 8.6859 
2.0000 13.0000 2.9800 0.0000 6.0000 2 1.0000 1.0000 1.5760 2.0000 5.9229 11.4175 1.6403 4.6957 -5.0106 6.9236 11.1055 5.6644 -4.8778 -1.1234 0.4605 5.5538 -4.1600 7.0820 3.9447 4.7591 2.1435 -2.8101 7.8514 -1.0613 0.3193 0.2227 0.2610 0.3142 0.2247 0.4798 0.4111 0.2993 0.2720 0.3278 0.2911 0.4977 0.4220 0.2382 0.2828 0.2076 0.2976 0.5022 0.4588 6.3297 1.5025 3.0939 
2.0000 14.0000 -2.6500 1.0000 6.0000 8 -1.0000 1.0000 1.9730 2.0000 -0.0390 -4.6865 -9.8340 -1.1029 2.9784 -2.7841 1.7685 -2.8884 -10.5218 -2.2943 -4.7095 4.8161 1.3219 -4.8607 -12.1734 -1.8076 -5.1768 6.9496 -1.3059 -5.0160 0.3330 0.3330 0.3330 0.3330 0.3330 0.3330 0.3330 0.3330 0.3330 0.3330 0.3330 0.3330 0.3330 0.3330 0.3330 0.3330 0.3330 0.3330 0.3330 6.3270 1.5921 3.5742 
2.0000 15.0000 2.6500 0.0000 8.0000 2 1.0000 1.0000 2.2000 2.0000 -1.0706 1.2904 5.0508 -0.5119 7.9441 -5.3174 8.3091 7.5952 0.6405 -8.6791 1.1370 -4.7153 0.7386 3.8802 3.2309 7.1911 9.4637 8.9580 2.6446 3.5840 0.2195 0.3260 0.2873 0.4883 0.2446 0.3185 0.2044 0.3398 0.2444 0.4630 0.3965 0.2781 0.4170 0.2909 0.4124 0.4873 0.3056 0.2762 0.3307 6.3305 1.7041 3.9174 
2.0000 16.0000 2.3200 0.0000 18.0000 2 1.0000 1.0000 5.9940 2.0000 0.2413 3.3931 -5.6074 5.4288 8.4846 -2.7264 0.9583 5.7644 -2.0946 5.6434 1.0772 1.2080 -5.7848 0.0577 0.6384 10.1474 1.0284 -2.1289 9.3666 10.1822 0.3106 0.3974 0.2666 0.2204 0.2726 0.4015 0.3389 0.4234 0.4745 0.3610 0.3329 0.2175 0.3260 0.3556 0.2287 0.5080 0.2821 0.3699 0.2475 6.3350 1.4214 7.4108 
2.0000 17.0000 1.9900 1.0000 9.0000 8 -1.0000 0.0000 2.9890 2.0000 -1.4302 -1.0830 10.0261 1.2753 1.3870 3.0221 0.8656 1.8277 -1.5779 -5.0050 1.9155 6.8981 9.8189 -8.2125 0.7564 5.0463 11.8757 -0.7363 3.2828 0.6313 0.3330 0.3330 0.3330 0.3330 0.3330 0.3330 0.3330 0.3330 0.3330 0.3330 0.3330 0.3330 0.3330 0.3330 0.3330 0.3330 0.3330 0.3330 0.3330 6.3270 1.5336 4.5230 
2.0000 18.0000 1.9900 0.0000 20.0000 2 1.0000 1.0000 7.0770 2.0000 3.4760 8.7667 -2.6169 2.6050 -1.9585 9.7513 0.6749 -5.8092 -1.1405 -4.3203 1.3472 -3.7688 6.2140 3.6296 -1.1051 -3.6054 6.2309 3.7133 11.3165 4.6211 0.3412 0.2699 0.4030 0.3353 0.3659 0.2434 0.4445 0.2041 0.2325 0.5122 0.3745 0.2634 0.4471 0.2389 0.3050 0.4437 0.2594 0.3606 0.2872 6.3318 1.6641 8.7610 
2.0000 19.0000 -1.6600 1.0000 5.0000 8 -1.0000 1.0000 1.5730 2.0000 -1.2674 -10.8050 -4.6678 -1.1654 -10.8468 -6.5102 3.8587 1.0172 -1.8418 0.1432 -0.0261 -0.8099 -10.0526 -3.0434 2.3235 1.5816 3.5371 1.4336 7.1226 -3.9436 0.3330 0.3330 0.3330 0.3330 0.3330 0.3330 0.3330 0.3330 0.3330 0.3330 0.3330 0.3330 0.3330 0.3330 0.3330 0.3330 0.3330 0.3330 0.3330 6.3270 1.5633 3.1574 
2.0000 20.0000 -1.6600 0.0000 6.0000 8 -1.0000 1.0000 1.9860 2.0000 2.0855 -6.3731 -6.5210 0.9068 -1.9346 6.7368 -0.1237 -8.1007 -12.1883 3.1118 3.0244 0.0209 -2.2102 -3.7258 3.5065 -9.7321 -0.5490 2.6718 -2.4455 0.3420 0.3242 0.4625 0.2114 0.5253 0.2910 0.3188 0.2245 0.4133 0.2240 0.4353 0.3975 0.2402 0.4535 0.3881 0.2883 0.2584 0.2111 0.2990 0.3639 6.3304 1.5437 3.5363 
2.0000 21.0000 -1.3300 1.0000 20.0000 2 1.0000 0.0000 7.4400 2.0000 -4.2750 1.5415 -8.3473 -3.4727 -3.1632 3.7895 3.8176 0.6690 0.2803 -5.3668 7.8824 -2.6600 -6.1685 1.0169 -11.6709 -0.6553 -3.8389 8.8967 -2.5988 -1.7867 0.3330 0.3330 0.3330 0.3330 0.3330 0.3330 0.3330 0.3330 0.3330 0.3330 0.3330 0.3330 0.3330 0.3330 0.3330 0.3330 0.3330 0.3330 0.3330 6.3270 1.5342 8.9911 
2.0000 22.0000 -1.3300 0.0000 20.0000 8 -1.0000 1.0000 7.6340 2.0000 3.6128 7.2560 -3.7286 -4.4181 -10.4911 -9.6287 -5.4458 -4.3577 3.7254 -0.2823 -7.4116 0.4266 3.3692 -0.3878 -1.2056 -3.6954 -0.1576 4.7124 -2.4999 4.8558 0.3670 0.2985 0.2556 0.5052 0.2150 0.3950 0.2748 0.4718 0.2667 0.2013 0.4374 0.2743 0.4284 0.2607 0.3699 0.2817 0.2287 0.4967 0.3075 6.3362 1.5744 9.2182 
2.0000 23.0000 -1.0000 1.0000 5.0000 8 -1.0000 1.0000 1.6310 2.0000 -4.2986 0.0551 -11.1840 3.5038 2.5089 3.4219 1.4987 3.0152 3.8897 -7.7851 -0.4863 -0.3841 -3.5586 1.0751 -7.4008 3.5728 8.1266 -4.4198 -5.6420 -6.3412 0.3330 0.3330 0.3330 0.3330 0.3330 0.3330 0.3330 0.3330 0.3330 0.3330 0.3330 0.3330 0.3330 0.3330 0.3330 0.3330 0.3330 0.3330 0.3330 6.3270 1.5640 3.1983 
2.0000 24.0000 1.0000 0.0000 9.0000 2 1.0000 1.0000 2.6090 2.0000 -1.4792 -3.0396 12.4914 1.9877 -1.3456 1.1073 6.2713 -4.9937 1.1949 3.3792 1.8957 1.5257 -0.8887 -7.1293 -4.7598 0.2329 2.6517 5.2904 9.7814 -4.0822 0.2384 0.3981 0.3249 0.2031 0.2365 0.3348 0.3670 0.4890 0.3391 0.3884 0.4983 0.2326 0.4308 0.2119 0.4223 0.3723 0.2614 0.3261 0.2511 6.3261 1.4773 4.0928 
2.0000 25.0000 -0.6700 0.0000 10.0000 8 -1.0000 1.0000 3.3030 2.0000 2.7022 -2.1019 6.1005 -11.7298 -3.5649 0.0975 -5.1241 -5.0784 5.4851 -1.6823 -1.5796 -10.3823 1.0541 -1.2168 4.6721 0.7725 2.4109 4.1160 4.4934 -2.1330 0.4001 0.5289 0.4228 0.2793 0.2338 0.2757 0.4983 0.2205 0.2519 0.3664 0.3194 0.2157 0.3192 0.5264 0.2916 0.3252 0.4075 0.2316 0.2061 6.3206 1.5428 4.8533 
2.0000 26.0000 0.3400 1.0000 20.0000 8 -1.0000 0.0000 7.1040 2.0000 -4.5028 12.4360 4.5819 -8.3492 -0.4879 -0.2078 -1.8264 0.6720 2.1532 8.7489 -1.7158 -3.6034 1.7711 4.3577 0.8965 0.6308 1.6410 1.7942 -9.5228 -2.3918 0.3330 0.3330 0.3330 0.3330 0.3330 0.3330 0.3330 0.3330 0.3330 0.3330 0.3330 0.3330 0.3330 0.3330 0.3330 0.3330 0.3330 0.3330 0.3330 6.3270 1.5116 8.6383 
2.0000 27.0000 0.3400 0.0000 20.0000 8 -1.0000 0.0000 6.9580 3.0000 2.0612 1.8777 -0.2580 5.4714 -7.6817 -0.3856 5.1949 3.9209 3.5898 2.4766 1.7358 -2.5920 -9.6055 6.0874 -8.8146 -2.3341 -0.4031 -0.6523 -0.7167 9.0775 0.2063 0.2837 0.2026 0.4083 0.4837 0.5188 0.2382 0.4985 0.2756 0.2238 0.2845 0.3580 0.4731 0.2353 0.4419 0.2847 0.3676 0.2395 0.2936 6.3177 1.4046 8.3754 
2.0000 28.0000 1.3300 1.0000 10.0000 2 1.0000 1.0000 3.1770 3.0000 3.1656 -3.3251 10.0108 -3.0419 -0.6661 -2.6936 14.0898 1.9374 0.3453 -2.0052 3.6655 -5.0460 -2.0872 1.9026 3.7318 7.4685 -0.8808 0.5754 -5.5674 4.8624 0.3330 0.3330 0.3330 0.3330 0.3330 0.3330 0.3330 0.3330 0.3330 0.3330 0.3330 0.3330 0.3330 0.3330 0.3330 0.3330 0.3330 0.3330 0.3330 6.3270 1.6012 4.7943 
2.0000 29.0000 1.3300 1.0000 6.0000 2 1.0000 1.0000 1.9310 3.0000 -2.1432 0.7189 3.7581 6.7821 -1.4514 10.4674 1.2421 -3.6951 -2.4666 4.9985 -10.8422 8.0479 0.6268 -6.1023 -1.0313 3.0229 3.4377 3.1392 1.1615 6.3837 0.3330 0.3330 0.3330 0.3330 0.3330 0.3330 0.3330 0.3330 0.3330 0.3330 0.3330 0.3330 0.3330 0.3330 0.3330 0.3330 0.3330 0.3330 0.3330 6.3270 1.6019 3.5490 
2.0000 30.0000 -1.3300 0.0000 14.0000 2 1.0000 0.0000 4.1500 3.0000 2.3981 3.3349 1.3418 -3.2245 -3.2301 0.2234 8.0593 -2.6075 -2.3816 1.9804 -3.8263 2.7528 -3.2945 -1.3541 -4.7545 5.2396 0.0191 -14.8145 -7.3950 -3.6924 0.2619 0.4367 0.3254 0.2947 0.4710 0.3178 0.2885 0.2243 0.3340 0.2909 0.3716 0.3007 0.2291 0.3994 0.4677 0.2993 0.4168 0.2847 0.3163 6.3308 1.5027 5.6676 
2.0000 31.0000 -2.3200 0.0000 7.0000 8 -1.0000 1.0000 1.8670 4.0000 -2.7488 -7.2116 -13.1397 -9.2013 1.4909 -4.4354 -2.7388 -3.8140 3.9602 1.9398 -0.9055 6.2730 -3.5072 -10.4947 -1.9113 1.4981 -1.8403 3.2539 -3.5937 2.5477 0.2320 0.2840 0.3159 0.4545 0.3272 0.2162 0.2998 0.3836 0.2142 0.4421 0.4021 0.3327 0.4899 0.2107 0.5006 0.3742 0.2797 0.2201 0.3483 6.3278 1.4296 3.3012 
2.0000 32.0000 -1.9900 1.0000 8.0000 2 1.0000 0.0000 2.5170 4.0000 -2.0911 -1.6299 2.6589 -9.1410 -3.5822 1.9224 -9.9374 -8.8603 -8.0388 -0.0587 4.9955 7.0545 0.4925 2.2779 1.9929 -6.7129 -4.7789 -6.0041 1.6509 -0.1062 0.3330 0.3330 0.3330 0.3330 0.3330 0.3330 0.3330 0.3330 0.3330 0.3330 0.3330 0.3330 0.3330 0.3330 0.3330 0.3330 0.3330 0.3330 0.3330 6.3270 1.4212 3.9338 
2.0000 33.0000 -1.9900 0.0000 5.0000 2 1.0000 0.0000 1.7580 5.0000 2.7532 3.8166 0.2968 -2.8854 -0.3118 5.8543 4.5195 3.5134 -14.5847 -6.9551 -5.7422 -4.8308 -5.6483 -0.3793 -5.9859 0.7846 -0.6919 -3.3421 -4.0594 -6.0759 0.2563 0.4438 0.3003 0.5319 0.5002 0.4059 0.2670 0.3025 0.2465 0.4504 0.2956 0.2029 0.3173 0.4218 0.2063 0.3077 0.3707 0.2071 0.2960 6.3300 1.7252 3.4921 
2.0000 34.0000 2.9800 1.0000 10.0000 8 -1.0000 0.0000 3.0460 5.0000 2.7690 -1.6685 11.4848 -0.1986 0.8648 2.3760 -4.5608 3.1513 7.5855 -1.7606 -0.3576 2.1476 6.2311 -0.8120 11.8001 -2.0491 5.0353 7.4729 -1.4027 11.4645 0.3330 0.3330 0.3330 0.3330 0.3330 0.3330 0.3330 0.3330 0.3330 0.3330 0.3330 0.3330 0.3330 0.3330 0.3330 0.3330 0.3330 0.3330 0.3330 6.3270 1.5608 4.6134 
2.0000 35.0000 2.9800 1.0000 12.0000 2 1.0000 1.0000 3.7140 5.0000 -0.9783 4.9198 3.4677 16.8169 -1.5788 0.8501 2.6912 -3.8859 11.0791 -1.8267 5.7626 2.5243 6.3027 2.0993 5.4335 6.7600 0.3556 -4.1724 0.5435 2.2205 0.3330 0.3330 0.3330 0.3330 0.3330 0.3330 0.3330 0.3330 0.3330 0.3330 0.3330 0.3330 0.3330 0.3330 0.3330 0.3330 0.3330 0.3330 0.3330 6.3270 1.5217 5.2480 
2.0000 36.0000 -2.9800 0.0000 4.0000 8 -1.0000 1.0000 1.4250 6.0000 -6.6073 -4.5504 -4.5202 -7.8839 -7.2105 -7.0610 0.0885 2.0165 -9.7606 -3.0616 4.5127 -11.1199 -4.9749 7.7295 3.3669 -2.5089 -6.8969 -0.2376 1.6838 -2.2378 0.4344 0.2675 0.3029 0.4317 0.4000 0.2715 0.2452 0.2976 0.2365 0.4127 0.2070 0.4479 0.3192 0.2255 0.3567 0.2952 0.3679 0.4880 0.3146 6.3217 1.4095 2.8420 
2.0000 37.0000 -2.6500 0.0000 4.0000 8 -1.0000 1.0000 1.2050 6.0000 -1.4187 -5.6446 4.6196 -3.6468 -12.0585 -6.7182 1.6214 0.2579 4.4346 -3.7334 -0.7556 -7.8536 -7.0699 6.7135 -4.1227 0.3640 -5.8867 -1.6866 -0.3742 -10.4797 0.3255 0.2888 0.3707 0.4400 0.2093 0.3990 0.2382 0.4323 0.4602 0.2651 0.3387 0.4136 0.3398 0.2069 0.2323 0.3099 0.3666 0.2173 0.4661 6.3202 1.6009 2.8219 
2.0000 38.0000 2.3200 1.0000 5.0000 2 1.0000 1.0000 1.6290 6.0000 -1.1290 3.9148 4.5932 5.3804 0.6194 7.9628 1.7930 1.1481 2.5390 10.1528 -6.4116 -0.1935 1.1248 -3.3123 -0.4672 -0.6466 7.9007 6.6540 -5.7873 11.4913 0.3330 0.3330 0.3330 0.3330 0.3330 0.3330 0.3330 0.3330 0.3330 0.3330 0.3330 0.3330 0.3330 0.3330 0.3330 0.3330 0.3330 0.3330 0.3330 6.3270 1.7114 3.3462 
2.0000 39.0000 2.3200 1.0000 5.0000 2 1.0000 1.0000 1.4680 6.0000 3.1767 9.1995 3.9438 1.2652 -0.8086 -1.8321 -6.8953 7.8037 8.9260 3.0339 6.9092 7.6358 0.3298 7.5063 0.8759 -2.0976 5.4998 0.6455 -2.9442 -6.5579 0.3330 0.3330 0.3330 0.3330 0.3330 0.3330 0.3330 0.3330 0.3330 0.3330 0.3330 0.3330 0.3330 0.3330 0.3330 0.3330 0.3330 0.3330 0.3330 6.3270 1.4213 2.9023 
2.0000 40.0000 -2.3200 0.0000 4.0000 8 -1.0000 1.0000 1.0660 6.0000 -1.3107 0.6347 -10.1714 -8.4461 2.7225 -2.8102 -15.2628 -4.5327 -0.8219 -1.6528 -1.1363 2.9179 -0.2260 6.9622 -1.9982 -4.8312 1.7828 1.3297 -5.3782 -5.7476 0.2494 0.2108 0.3808 0.4682 0.3154 0.3986 0.3200 0.2747 0.4248 0.3220 0.2027 0.2668 0.2290 0.2963 0.5064 0.3225 0.4627 0.4208 0.2528 6.3247 1.6613 2.7338 
2.0000 41.0000 1.9900 0.0000 4.0000 2 1.0000 1.0000 1.2280 6.0000 5.0704 -1.5380 -2.0773 2.2485 2.9459 6.1859 -6.2562 -0.7661 5.6317 5.5512 7.7956 13.9233 2.7228 1.5174 -1.5906 5.9051 -0.8149 -6.6083 -3.0677 4.8511 0.4126 0.2367 0.2043 0.4239 0.2750 0.3943 0.3242 0.4375 0.2603 0.2092 0.2627 0.4613 0.4898 0.2873 0.2039 0.3932 0.2210 0.4846 0.3364 6.3181 1.6144 2.8457 
2.0000 42.0000 -1.6600 0.0000 4.0000 8 -1.0000 1.0000 1.0680 6.0000 -2.0064 4.7658 -0.1211 -5.9972 5.9308 4.5331 -5.8120 0.5037 -1.4813 -4.9819 -9.8127 -0.4478 -6.9293 -4.4190 -3.4594 6.6073 3.0138 -9.3830 -6.8720 1.8224 0.2271 0.3919 0.3591 0.2372 0.3305 0.3600 0.5128 0.4367 0.2563 0.5257 0.3090 0.2052 0.3212 0.2302 0.2556 0.3126 0.3580 0.3941 0.2983 6.3215 1.4880 2.5690 
2.0000 43.0000 1.3300 1.0000 10.0000 8 -1.0000 0.0000 3.3020 6.0000 2.2403 -3.0202 10.4176 3.3007 2.7333 -3.4741 10.1878 -5.9112 -7.6467 2.7448 -0.4955 4.0578 1.6241 8.0789 -2.8196 2.6759 1.2669 1.1251 3.0796 -5.0775 0.3330 0.3330 0.3330 0.3330 0.3330 0.3330 0.3330 0.3330 0.3330 0.3330 0.3330 0.3330 0.3330 0.3330 0.3330 0.3330 0.3330 0.3330 0.3330 6.3270 1.5597 4.8693 
2.0000 44.0000 -1.3300 1.0000 6.0000 8 -1.0000 1.0000 1.6670 6.0000 -2.4701 -0.4763 -1.0397 -0.1079 -5.6353 0.2026 1.6304 -5.2138 -10.0823 7.0560 2.0454 -9.0145 -2.3278 -0.6949 -5.4948 -5.4075 5.9064 6.5337 4.4835 -5.3771 0.3330 0.3330 0.3330 0.3330 0.3330 0.3330 0.3330 0.3330 0.3330 0.3330 0.3330 0.3330 0.3330 0.3330 0.3330 0.3330 0.3330 0.3330 0.3330 6.3270 1.4181 3.0847 
2.0000 45.0000 1.3300 1.0000 4.0000 2 1.0000 1.0000 1.0510 6.0000 1.8652 1.3518 -0.1561 4.6267 -1.2005 -11.5749 7.9771 7.5005 2.8684 7.6684 2.4091 -5.6287 -3.4435 -4.0266 0.7815 5.5421 5.5683 -1.8054 4.5698 2.8640 0.3330 0.3330 0.3330 0.3330 0.3330 0.3330 0.3330 0.3330 0.3330 0.3330 0.3330 0.3330 0.3330 0.3330 0.3330 0.3330 0.3330 0.3330 0.3330 6.3270 1.5151 2.5681 
2.0000 46.0000 1.3300 0.0000 4.0000 8 -1.0000 0.0000 1.4140 7.0000 -1.7506 -0.9402 2.8330 7.3288 8.2208 2.7905 -3.5311 11.5968 -1.6852 -1.5039 -8.0342 2.4739 -1.3539 -0.9923 5.2363 -4.6991 4.1166 7.3592 4.0828 -3.5513 0.3734 0.4631 0.4334 0.2145 0.2643 0.2127 0.3787 0.5241 0.2176 0.2800 0.3877 0.4252 0.2968 0.2039 0.3087 0.2356 0.4738 0.2172 0.4112 6.3219 1.6622 3.0811 
2.0000 47.0000 -2.3200 1.0000 5.0000 8 -1.0000 1.0000 1.4540 7.0000 -0.4555 0.0859 -4.0157 0.7132 -4.1740 1.0333 4.1128 2.9082 -6.5754 -4.5358 -14.2175 -4.6410 -7.5237 -2.2646 -8.7616 7.4091 1.4626 -0.8236 -0.4982 -5.7855 0.3330 0.3330 0.3330 0.3330 0.3330 0.3330 0.3330 0.3330 0.3330 0.3330 0.3330 0.3330 0.3330 0.3330 0.3330 0.3330 0.3330 0.3330 0.3330 6.3270 1.5551 3.0216 
2.0000 48.0000 -2.3200 1.0000 19.0000 8 -1.0000 1.0000 6.2500 7.0000 0.4169 -11.0207 -5.0769 -5.0947 2.7901 -10.1433 -0.5759 1.9475 -1.2041 -6.9580 -3.8956 6.6612 -0.2653 -5.1627 4.7794 -9.4965 0.0735 -3.0082 3.2586 -2.9723 0.3330 0.3330 0.3330 0.3330 0.3330 0.3330 0.3330 0.3330 0.3330 0.3330 0.3330 0.3330 0.3330 0.3330 0.3330 0.3330 0.3330 0.3330 0.3330 6.3270 1.5236 7.7837 
2.0000 49.0000 2.3200 0.0000 12.0000 8 -1.0000 0.0000 3.6550 7.0000 1.6128 3.2466 10.2579 -1.3069 4.3773 2.7504 7.2382 4.9670 1.6235 -1.8251 -7.4344 4.0807 -3.6576 10.1206 5.4095 7.0089 -5.3800 5.9198 0.3124 -3.9038 0.3145 0.4718 0.2872 0.2490 0.4474 0.2531 0.5197 0.2713 0.2117 0.3541 0.2526 0.2807 0.4451 0.3729 0.2175 0.3332 0.3983 0.2031 0.4386 6.3218 1.6283 5.2890 
2.0000 50.0000 -3.3100 1.0000 4.0000 8 -1.0000 1.0000 1.2590 7.0000 -2.5878 0.8471 -3.6706 4.7662 -6.6477 -12.3980 1.5359 0.0372 -1.4446 -6.4878 -5.6738 4.9292 -2.9277 -4.5146 -9.1551 0.3786 -14.0863 -0.3373 -4.3473 -3.4482 0.3330 0.3330 0.3330 0.3330 0.3330 0.3330 0.3330 0.3330 0.3330 0.3330 0.3330 0.3330 0.3330 0.3330 0.3330 0.3330 0.3330 0.3330 0.3330 6.3270 1.5113 2.7766 
2.0000 51.0000 -3.3100 0.0000 7.0000 8 -1.0000 1.0000 2.0850 8.0000 -5.6435 0.2825 1.9077 -2.3181 -4.2074 -12.2709 -9.7711 -7.2446 -7.6205 -0.3772 -5.0534 4.4485 -4.3233 -1.9075 7.4631 2.1050 -8.3049 -1.8217 -8.4577 -3.2854 0.3403 0.4182 0.3256 0.3821 0.2024 0.3772 0.4784 0.2159 0.2618 0.4801 0.2432 0.4739 0.2941 0.2428 0.4439 0.3057 0.2589 0.3367 0.2384 6.3193 1.5691 3.6689 
2.0000 52.0000 2.9800 1.0000 8.0000 8 -1.0000 0.0000 2.3960 8.0000 -0.7860 3.9796 -9.6289 7.9200 7.0190 1.4007 5.2142 0.4666 4.8321 3.2884 2.3744 -4.4474 -0.3809 2.5931 3.9481 11.4374 9.9287 4.3762 -2.0393 6.1489 0.3330 0.3330 0.3330 0.3330 0.3330 0.3330 0.3330 0.3330 0.3330 0.3330 0.3330 0.3330 0.3330 0.3330 0.3330 0.3330 0.3330 0.3330 0.3330 6.3270 1.4538 3.8636 
2.0000 53.0000 -2.9800 0.0000 5.0000 8 -1.0000 1.0000 1.4190 8.0000 -1.7385 -3.2181 2.2158 -10.4530 -2.9922 -0.7173 1.2012 -5.3464 8.8309 -7.3036 -7.5493 -3.1720 0.2048 -5.1563 -7.3418 4.8187 -10.4988 -7.5013 0.5285 -5.7182 0.2600 0.4581 0.2630 0.2325 0.4093 0.2273 0.5243 0.4115 0.2722 0.5132 0.2694 0.3796 0.2083 0.2339 0.3982 0.2737 0.3617 0.2595 0.3803 6.3359 1.5583 2.9864 
2.0000 54.0000 -2.6500 0.0000 5.0000 8 -1.0000 1.0000 1.4980 8.0000 -2.3982 -2.5868 -5.6418 0.5330 -9.3405 -9.0392 -9.1591 1.2100 -2.6082 -1.4500 8.1680 -6.1591 -1.3058 5.2687 -4.5395 -6.5331 -7.9450 -1.0409 4.3620 -4.1153 0.3085 0.2048 0.3493 0.2101 0.4729 0.3768 0.4952 0.2438 0.2047 0.2921 0.2378 0.3523 0.5293 0.4286 0.2082 0.4354 0.2205 0.4802 0.2717 6.3223 1.5036 2.9983 
2.0000 55.0000 -2.3200 0.0000 3.0000 8 -1.0000 1.0000 0.8880 8.0000 -1.0097 -7.0966 4.0028 -0.0638 -3.2382 -9.9484 3.4284 4.8372 -7.1525 -4.2163 -1.1218 -2.1798 1.7783 -8.5587 4.4718 1.3317 0.2001 -12.2851 -2.5258 -5.3662 0.2605 0.5126 0.2847 0.4346 0.2506 0.2759 0.3113 0.2695 0.2212 0.3656 0.2517 0.4221 0.2637 0.5313 0.2505 0.3244 0.3818 0.4477 0.2706 6.3305 1.6084 2.5053 
2.0000 56.0000 -1.9900 1.0000 3.0000 8 -1.0000 1.0000 0.8320 8.0000 -6.9638 -7.0646 -3.0543 -3.1831 0.5054 0.7313 -12.1913 -1.6335 -1.6260 4.7894 -4.0564 -3.0971 -2.7445 7.0448 -5.8897 1.6696 1.4642 -10.9486 3.6138 2.8948 0.3330 0.3330 0.3330 0.3330 0.3330 0.3330 0.3330 0.3330 0.3330 0.3330 0.3330 0.3330 0.3330 0.3330 0.3330 0.3330 0.3330 0.3330 0.3330 6.3270 1.5135 2.3497 
2.0000 57.0000 -1.9900 1.0000 3.0000 8 -1.0000 1.0000 0.8240 8.0000 1.1728 -6.1181 -6.8179 1.4789 2.2143 -2.4520 -8.0588 -3.5452 5.0551 -1.6993 -7.1097 -7.1317 2.8089 6.5041 6.1259 -3.4491 -9.6090 -2.9515 -7.8721 0.1938 0.3330 0.3330 0.3330 0.3330 0.3330 0.3330 0.3330 0.3330 0.3330 0.3330 0.3330 0.3330 0.3330 0.3330 0.3330 0.3330 0.3330 0.3330 0.3330 6.3270 1.5515 2.3751 
2.0000 58.0000 -1.9900 1.0000 5.0000 8 -1.0000 1.0000 1.5730 8.0000 -2.4156 1.1729 -6.0252 -1.1758 -1.3934 -4.8026 9.6306 -8.5226 6.5555 3.0825 -1.1129 -2.3116 3.7489 -3.6254 -3.0757 -7.0117 -4.0964 -11.0751 -4.7833 -2.7524 0.3330 0.3330 0.3330 0.3330 0.3330 0.3330 0.3330 0.3330 0.3330 0.3330 0.3330 0.3330 0.3330 0.3330 0.3330 0.3330 0.3330 0.3330 0.3330 6.3270 1.7188 3.3074 
2.0000 59.0000 -1.9900 0.0000 8.0000 8 -1.0000 1.0000 2.3810 8.0000 -3.4168 6.5134 -11.9503 2.2172 2.5090 -3.0367 4.0407 -4.2829 -4.5426 -9.8728 -4.0455 -10.4103 1.5100 -2.8875 -1.5439 -3.3099 -2.3360 5.3665 -3.1165 1.6068 0.4177 0.2148 0.2848 0.4638 0.3424 0.2939 0.2566 0.4745 0.2845 0.4525 0.3446 0.2234 0.2820 0.2357 0.5044 0.2289 0.3368 0.2474 0.4356 6.3244 1.7171 4.1156 
2.0000 60.0000 1.6600 1.0000 5.0000 2 1.0000 1.0000 1.5640 8.0000 -0.7915 2.2784 8.0023 8.0311 9.1947 8.9722 -6.2401 -6.6697 1.8869 3.0314 0.3150 0.9880 5.9353 3.9309 1.9638 -1.7478 2.3679 -2.3888 2.7323 -7.3259 0.3330 0.3330 0.3330 0.3330 0.3330 0.3330 0.3330 0.3330 0.3330 0.3330 0.3330 0.3330 0.3330 0.3330 0.3330 0.3330 0.3330 0.3330 0.3330 6.3270 1.7076 3.2819 
2.0000 61.0000 1.6600 1.0000 12.0000 2 1.0000 1.0000 3.7500 8.0000 1.1759 7.1003 2.7657 1.9942 6.2473 -8.2100 9.3373 1.9205 -2.5172 4.6037 -2.6322 -5.7193 3.6185 5.8961 -2.9169 3.6080 -0.1469 -4.1329 0.0770 10.3633 0.3330 0.3330 0.3330 0.3330 0.3330 0.3330 0.3330 0.3330 0.3330 0.3330 0.3330 0.3330 0.3330 0.3330 0.3330 0.3330 0.3330 0.3330 0.3330 6.3270 1.7256 5.4840 
2.0000 62.0000 1.6600 0.0000 20.0000 2 1.0000 1.0000 7.3310 8.0000 -0.0337 1.6928 6.5976 5.8677 9.7932 3.7234 -0.5295 -6.2593 3.9896 4.4359 7.5234 -1.3503 3.1501 1.2738 4.0683 -3.3761 -7.7743 -1.6660 -5.5500 8.9570 0.2227 0.3792 0.4603 0.2229 0.3573 0.2522 0.2270 0.4800 0.2366 0.4789 0.2277 0.4232 0.3216 0.2605 0.2018 0.2495 0.5274 0.3455 0.4437 6.3182 1.5634 8.8985 
2.0000 63.0000 -1.3300 1.0000 12.0000 2 1.0000 0.0000 3.7130 8.0000 -3.8439 -2.0909 -0.1355 8.2655 -0.6114 -3.1438 -1.4522 -9.6419 4.4385 -11.4717 -2.8511 -3.1123 4.6651 1.9207 -2.6602 1.6601 -7.2975 4.2885 1.7795 -4.3952 0.3330 0.3330 0.3330 0.3330 0.3330 0.3330 0.3330 0.3330 0.3330 0.3330 0.3330 0.3330 0.3330 0.3330 0.3330 0.3330 0.3330 0.3330 0.3330 6.3270 1.7044 5.4309 
2.0000 64.0000 -1.3300 0.0000 7.0000 8 -1.0000 1.0000 2.1780 8.0000 0.2141 -8.3239 6.0899 6.2964 -1.9367 -1.3531 -6.4491 -3.0657 -3.5647 -0.7663 -0.1888 -9.3691 -2.1544 2.7392 -1.5385 6.7860 3.8500 2.7786 -5.9688 -8.9666 0.3568 0.2019 0.4341 0.2628 0.5216 0.2804 0.4839 0.3303 0.2739 0.2436 0.3312 0.4174 0.2384 0.3886 0.4263 0.2948 0.2340 0.3248 0.2915 6.3364 1.7090 3.8959 
2.0000 65.0000 -1.0000 0.0000 4.0000 8 -1.0000 1.0000 1.0790 8.0000 -4.0562 3.9868 2.5518 -0.2586 -5.5497 -4.0697 9.5043 0.3047 2.8193 -6.6377 2.3864 -1.3159 0.3850 2.6348 -1.5019 -2.9070 -14.0240 -4.0885 -4.8551 4.6329 0.3078 0.3601 0.2250 0.4459 0.3118 0.3466 0.2345 0.3062 0.4915 0.2482 0.4513 0.3102 0.4047 0.3483 0.2656 0.4279 0.3386 0.2759 0.2366 6.3367 1.4794 2.5629 
2.0000 66.0000 -0.6700 0.0000 3.0000 8 -1.0000 1.0000 0.7400 8.0000 -3.3713 -5.2391 6.8975 1.8089 -4.2831 7.0460 -2.4463 -4.5573 8.5502 -4.5172 1.0930 -0.5838 4.8914 2.3035 -4.2513 -10.8475 -3.4246 0.6203 -4.2216 0.4959 0.4028 0.3270 0.4817 0.4344 0.3428 0.3705 0.2897 0.3459 0.2144 0.2596 0.3187 0.2172 0.2994 0.3263 0.4119 0.3777 0.2135 0.4857 0.1999 6.3191 1.5609 2.3072 
2.0000 67.0000 -0.3400 1.0000 4.0000 8 -1.0000 1.0000 1.0200 8.0000 1.7276 2.0474 2.1416 -3.5435 -0.6988 -4.3208 5.7004 7.4843 8.7976 -5.5711 -1.5931 1.0320 -2.8348 5.4428 -10.4293 -4.4731 -7.1196 -0.6936 2.9627 -3.6224 0.3330 0.3330 0.3330 0.3330 0.3330 0.3330 0.3330 0.3330 0.3330 0.3330 0.3330 0.3330 0.3330 0.3330 0.3330 0.3330 0.3330 0.3330 0.3330 6.3270 1.5659 2.5878 
2.0000 68.0000 -0.3400 1.0000 2.0000 8 -1.0000 1.0000 0.6620 8.0000 -0.6697 -12.9174 2.2314 5.5007 1.1828 1.5943 -4.5910 0.9320 -2.2699 0.0714 -6.2541 -1.7791 -0.4041 -8.0565 -1.8019 2.6549 6.7388 8.2646 -0.4273 1.5716 0.3330 0.3330 0.3330 0.3330 0.3330 0.3330 0.3330 0.3330 0.3330 0.3330 0.3330 0.3330 0.3330 0.3330 0.3330 0.3330 0.3330 0.3330 0.3330 6.3270 1.4933 2.1790 
2.0000 69.0000 0.3400 1.0000 6.0000 2 1.0000 1.0000 1.8010 8.0000 2.7878 -0.7955 -9.2608 8.2060 1.2197 -0.8135 -5.7514 0.4362 -5.0100 1.4884 6.6012 12.8164 -2.8244 -1.7174 -2.3765 4.5312 -2.4847 -0.9452 -2.3774 2.7292 0.3330 0.3330 0.3330 0.3330 0.3330 0.3330 0.3330 0.3330 0.3330 0.3330 0.3330 0.3330 0.3330 0.3330 0.3330 0.3330 0.3330 0.3330 0.3330 6.3270 1.7274 3.5519 
2.0000 70.0000 -0.3400 0.0000 2.0000 8 -1.0000 1.0000 0.7970 8.0000 -3.4925 0.9849 -2.8024 -1.5194 -0.6307 -1.7740 -0.0373 -8.0267 2.1330 9.9126 -2.3445 -0.7773 14.2152 -4.2529 0.8782 -0.2291 0.1884 -3.8119 1.0880 -6.5863 0.3409 0.4994 0.3815 0.2509 0.2070 0.2491 0.2041 0.3083 0.3572 0.3081 0.2232 0.4842 0.2457 0.3963 0.4652 0.5053 0.2493 0.3582 0.2907 6.3244 1.4965 2.3141 
2.0000 71.0000 -0.0100 1.0000 3.0000 8 -1.0000 1.0000 0.8460 8.0000 2.8063 1.1773 -2.3783 4.1624 2.0368 -2.5185 -2.9076 -4.6201 2.9901 -4.5602 6.8689 2.0673 8.2905 -5.4467 5.3168 4.7191 -12.2867 -3.3515 -0.2950 -3.5364 0.3330 0.3330 0.3330 0.3330 0.3330 0.3330 0.3330 0.3330 0.3330 0.3330 0.3330 0.3330 0.3330 0.3330 0.3330 0.3330 0.3330 0.3330 0.3330 6.3270 1.6380 2.4969 
2.0000 72.0000 0.0100 0.0000 10.0000 8 -1.0000 0.0000 3.3170 9.0000 -0.8789 4.6714 -2.5928 -2.8454 5.3032 -0.2511 -4.2316 7.1506 1.8204 6.2370 -7.5995 3.6872 -3.0958 3.6612 -3.4881 6.4844 -6.4058 -4.5138 5.2021 -7.9413 0.4802 0.4311 0.3252 0.4111 0.3147 0.3700 0.2121 0.5267 0.2338 0.2664 0.4524 0.2857 0.3688 0.2863 0.3276 0.1999 0.3507 0.2671 0.2244 6.3343 1.6287 4.9514 
2.0000 73.0000 1.0000 0.0000 6.0000 2 1.0000 1.0000 1.9760 10.0000 4.6420 -2.8338 2.9737 8.4276 5.6682 6.6952 -3.0754 -7.9710 3.4696 -8.6307 -3.3776 6.5717 2.0785 -2.6749 0.4727 -3.7628 8.7868 1.0058 -0.0878 1.6059 0.3141 0.4347 0.3551 0.4424 0.2737 0.3908 0.2477 0.4060 0.2097 0.3477 0.2573 0.3804 0.4724 0.2663 0.2089 0.4031 0.2234 0.4393 0.2514 6.3242 1.5993 3.5938 
