subNo index mean periodicity nEvents pressedKey answer isCorrect rt reversal s1 s2 s3 s4 s5 s6 s7 s8 s9 s10 s11 s12 s13 s14 s15 s16 s17 s18 s19 s20 t1 t2 t3 t4 t5 t6 t7 t8 t9 t10 t11 t12 t13 t14 t15 t16 t17 t18 t19 seqDuration startInterval trialDuration 
1.0000 1.0000 -9.0000 0.0000 7.0000 2 -1.0000 1.0000 2.3330 0.0000 -8.1013 -11.5824 -3.7339 -9.8458 -8.9531 -9.9781 0.6665 -14.6317 -20.7269 -5.8127 -11.8595 -8.6032 -16.7702 -5.2073 -7.1587 -13.1788 -4.1535 -11.2522 -8.9115 -2.1232 0.2003 0.4530 0.4799 0.3733 0.2629 0.2890 0.4519 0.2357 0.4124 0.2639 0.2062 0.4294 0.5154 0.2815 0.2172 0.2891 0.3688 0.2624 0.3371 6.3294 1.5381 3.8676 
1.0000 2.0000 -9.0000 1.0000 8.0000 2 -1.0000 1.0000 2.4570 0.0000 -6.3401 -14.5580 -18.4167 -6.7651 -6.6127 -9.9181 -19.5948 -5.1337 -8.3349 -2.0952 -13.0230 -6.3172 0.2464 -9.1726 -10.1970 -4.8955 -10.2145 -9.6704 -3.9318 -13.8336 0.3330 0.3330 0.3330 0.3330 0.3330 0.3330 0.3330 0.3330 0.3330 0.3330 0.3330 0.3330 0.3330 0.3330 0.3330 0.3330 0.3330 0.3330 0.3330 6.3270 1.4892 3.9413 
1.0000 3.0000 9.0000 1.0000 6.0000 8 1.0000 1.0000 1.7820 0.0000 10.6808 13.7442 3.8029 6.4768 0.8927 21.0758 12.1421 12.5867 3.7104 3.9769 3.9939 11.8423 9.2286 6.5892 14.0677 8.3487 12.3870 5.4088 14.2121 4.4218 0.3330 0.3330 0.3330 0.3330 0.3330 0.3330 0.3330 0.3330 0.3330 0.3330 0.3330 0.3330 0.3330 0.3330 0.3330 0.3330 0.3330 0.3330 0.3330 6.3270 1.6681 3.4662 
1.0000 4.0000 9.0000 1.0000 5.0000 8 1.0000 1.0000 1.4500 0.0000 9.7475 16.3636 9.5526 9.1334 3.6813 8.7985 8.7474 9.7065 6.5997 -0.6650 5.3821 -2.1021 9.8208 13.2386 9.3878 17.4222 12.1537 11.1119 14.5917 6.8690 0.3330 0.3330 0.3330 0.3330 0.3330 0.3330 0.3330 0.3330 0.3330 0.3330 0.3330 0.3330 0.3330 0.3330 0.3330 0.3330 0.3330 0.3330 0.3330 6.3270 1.5186 2.9840 
1.0000 5.0000 -9.0000 0.0000 6.0000 2 -1.0000 1.0000 1.7670 0.0000 -4.3651 -10.6147 -16.6572 -6.8813 -9.4780 -11.5748 2.1695 -10.7045 -12.9908 -5.7040 -14.9948 -11.6602 -13.0192 -17.2619 -0.5541 -8.3002 -4.9266 -8.3074 -9.2352 -5.8623 0.3998 0.3054 0.2726 0.3197 0.4582 0.2060 0.3493 0.4658 0.2535 0.3050 0.3480 0.2769 0.3340 0.3005 0.3850 0.2358 0.2756 0.3968 0.4443 6.3322 1.6337 3.4177 
1.0000 6.0000 -7.0000 1.0000 6.0000 2 -1.0000 1.0000 1.8640 0.0000 -4.2564 -8.6002 -11.7292 -3.7012 -9.2973 -11.9774 -8.5953 -1.4297 3.5323 -6.4232 -6.5171 -6.9918 -14.0047 -2.0600 -8.0599 -6.5154 -12.8902 -2.5843 -2.0771 -16.3521 0.3330 0.3330 0.3330 0.3330 0.3330 0.3330 0.3330 0.3330 0.3330 0.3330 0.3330 0.3330 0.3330 0.3330 0.3330 0.3330 0.3330 0.3330 0.3330 6.3270 1.6756 3.5485 
1.0000 7.0000 7.0000 0.0000 8.0000 8 1.0000 1.0000 2.5270 0.0000 3.9534 6.3445 3.7438 9.5286 9.2455 16.2140 5.3930 12.3986 8.4723 8.2269 -3.7079 11.5079 -2.1486 6.2088 9.5177 3.2992 1.3600 6.9302 12.7660 9.3880 0.3160 0.4656 0.2163 0.3003 0.4455 0.3088 0.2780 0.2436 0.4081 0.2115 0.3538 0.4722 0.2228 0.2866 0.4004 0.3366 0.3049 0.4601 0.2992 6.3304 1.5521 4.0949 
1.0000 8.0000 5.0000 0.0000 8.0000 8 1.0000 1.0000 2.3210 0.0000 7.8120 8.9797 5.8406 3.2920 0.6232 12.2446 -1.1426 9.4238 3.3083 1.6399 9.6211 -4.7530 2.3292 1.9104 -0.1088 -0.8027 11.6092 9.3070 12.7828 4.8225 0.2400 0.3299 0.3806 0.2972 0.2619 0.3338 0.4019 0.2385 0.2886 0.2084 0.4800 0.2185 0.4181 0.4646 0.2353 0.2983 0.4752 0.2402 0.5165 6.3275 1.4800 3.8052 
1.0000 9.0000 -3.0000 0.0000 9.0000 8 1.0000 0.0000 2.9850 1.0000 0.2629 -4.3113 6.0650 -1.7293 -5.3624 -8.7237 -2.1526 1.9993 -2.8597 -11.2154 2.3517 -4.8332 -6.5202 3.8957 -7.4692 -9.5540 -0.9744 -2.7787 -8.9440 3.9998 0.2159 0.4932 0.3941 0.2396 0.5223 0.2827 0.2307 0.4480 0.4195 0.2856 0.2257 0.3026 0.2092 0.4856 0.2512 0.2162 0.3543 0.2532 0.5053 6.3349 1.4382 4.4357 
1.0000 10.0000 3.9900 1.0000 7.0000 8 1.0000 1.0000 2.0010 1.0000 7.0450 -2.3741 6.8607 12.9096 8.9761 5.6085 4.2887 4.4285 -2.1059 0.0807 10.8576 6.6656 0.3087 -1.1763 13.0957 2.4086 -1.9084 -1.8396 5.7676 -0.6701 0.3330 0.3330 0.3330 0.3330 0.3330 0.3330 0.3330 0.3330 0.3330 0.3330 0.3330 0.3330 0.3330 0.3330 0.3330 0.3330 0.3330 0.3330 0.3330 6.3270 1.6885 3.7021 
1.0000 11.0000 -3.9900 1.0000 9.0000 2 -1.0000 1.0000 2.6960 1.0000 0.7531 3.7269 -2.2572 -12.0960 -9.7783 0.8946 -3.9471 -7.5466 -7.1902 -11.9772 -8.7642 -1.7341 -2.0633 -2.3898 -3.9208 -4.9161 -3.1557 -3.9705 -5.7952 7.1006 0.3330 0.3330 0.3330 0.3330 0.3330 0.3330 0.3330 0.3330 0.3330 0.3330 0.3330 0.3330 0.3330 0.3330 0.3330 0.3330 0.3330 0.3330 0.3330 6.3270 1.5243 4.2305 
1.0000 12.0000 -3.9900 1.0000 5.0000 2 -1.0000 1.0000 1.4710 1.0000 -5.8876 -3.8128 5.7598 -2.9906 1.9821 -10.7878 2.8533 -0.4203 -0.7960 3.0546 -7.5560 -7.3701 -3.2059 -4.6839 -3.9711 -1.4239 -9.4808 -9.3312 -8.2302 -12.1941 0.3330 0.3330 0.3330 0.3330 0.3330 0.3330 0.3330 0.3330 0.3330 0.3330 0.3330 0.3330 0.3330 0.3330 0.3330 0.3330 0.3330 0.3330 0.3330 6.3270 1.4565 2.9385 
1.0000 13.0000 -3.9900 0.0000 9.0000 2 -1.0000 1.0000 2.9190 2.0000 -8.2478 -5.7668 -0.9126 -2.2134 5.3433 -9.4315 -13.5805 -2.1992 -5.4085 -5.8931 1.6186 -1.4472 -2.1945 -3.7312 -13.7791 -1.8913 -3.7662 -8.3526 2.6567 0.4282 0.3315 0.4464 0.4033 0.2802 0.3233 0.2201 0.2956 0.4269 0.2694 0.4855 0.3236 0.2110 0.3879 0.2111 0.3512 0.2292 0.4285 0.4952 0.2135 6.3333 1.7044 4.6200 
1.0000 14.0000 3.6600 1.0000 6.0000 8 1.0000 1.0000 1.9370 2.0000 4.0658 -1.0321 11.1271 8.1188 -1.8959 -2.0033 10.7411 5.6904 -3.0443 4.9442 4.8132 0.6930 6.0852 13.5976 1.1078 4.2718 -5.0331 3.0027 4.4307 2.2672 0.3330 0.3330 0.3330 0.3330 0.3330 0.3330 0.3330 0.3330 0.3330 0.3330 0.3330 0.3330 0.3330 0.3330 0.3330 0.3330 0.3330 0.3330 0.3330 6.3270 1.6751 3.6213 
1.0000 15.0000 3.6600 1.0000 7.0000 8 1.0000 1.0000 2.2630 2.0000 5.0004 0.4418 6.1724 -4.0425 0.4795 1.6960 0.0155 6.4264 -5.3212 -5.1701 3.1558 7.1405 11.6247 5.4381 10.8992 5.1761 11.1705 4.1859 2.6988 4.2568 0.3330 0.3330 0.3330 0.3330 0.3330 0.3330 0.3330 0.3330 0.3330 0.3330 0.3330 0.3330 0.3330 0.3330 0.3330 0.3330 0.3330 0.3330 0.3330 6.3270 1.5631 3.8468 
1.0000 16.0000 3.6600 0.0000 6.0000 8 1.0000 1.0000 1.7640 2.0000 4.0532 -2.6445 8.1159 14.5039 4.9038 -0.8741 1.6765 -0.5145 5.3484 7.9929 4.8112 1.5540 5.1402 0.3638 -0.5769 -6.2968 8.0606 8.6371 10.2086 0.0939 0.2789 0.4697 0.2500 0.4296 0.2949 0.2074 0.3820 0.5181 0.2983 0.3945 0.2987 0.3935 0.3032 0.4617 0.2483 0.2115 0.3283 0.2425 0.3130 6.3240 1.4364 3.2150 
1.0000 17.0000 -3.3300 1.0000 13.0000 2 -1.0000 1.0000 4.1690 2.0000 -6.5428 -2.7082 3.5241 -2.8343 -0.3727 -3.0928 -0.3703 -8.1458 6.1039 -3.1980 -4.1957 -3.2175 4.3703 -10.8085 -8.0651 -13.9423 0.2169 -7.6723 0.0223 -4.6187 0.3330 0.3330 0.3330 0.3330 0.3330 0.3330 0.3330 0.3330 0.3330 0.3330 0.3330 0.3330 0.3330 0.3330 0.3330 0.3330 0.3330 0.3330 0.3330 6.3270 1.4652 5.6527 
1.0000 18.0000 3.3300 0.0000 8.0000 8 1.0000 1.0000 2.0860 2.0000 1.3978 2.0557 17.0162 1.7163 -1.0688 1.2821 1.8471 12.2962 4.1374 7.2433 -0.0771 -0.9660 3.3189 5.7508 -4.9851 9.3088 4.7135 1.2429 0.2503 -0.6354 0.2576 0.2079 0.3013 0.2291 0.2614 0.3641 0.4102 0.4854 0.2659 0.3272 0.5094 0.3194 0.4300 0.3199 0.2398 0.3672 0.2614 0.3383 0.4393 6.3350 1.5691 3.6705 
1.0000 19.0000 -3.0000 0.0000 8.0000 2 -1.0000 1.0000 2.5350 2.0000 -4.3310 -9.4550 5.4520 -2.4436 -0.2393 2.8698 -3.7964 -8.9125 -2.8748 -0.6056 -3.8232 3.1754 -5.7017 -5.0131 -8.4204 5.6089 -8.3142 2.0508 -9.2314 -7.6111 0.3212 0.4755 0.2858 0.3946 0.3525 0.2067 0.2490 0.2759 0.3821 0.2090 0.2380 0.3519 0.2547 0.4315 0.5326 0.2621 0.2331 0.5091 0.3604 6.3257 1.5187 4.0690 
1.0000 20.0000 -2.6700 0.0000 9.0000 2 -1.0000 1.0000 2.9370 2.0000 -6.0288 4.6342 1.3349 -4.6662 -5.7410 -4.4716 3.2350 -3.3049 2.8035 3.3901 -8.6382 -0.6866 -2.9707 -7.6413 2.3869 -1.6261 0.2138 -15.2983 -3.5949 -4.7954 0.2398 0.3399 0.2983 0.4387 0.3859 0.2212 0.2587 0.5101 0.2620 0.4608 0.2248 0.4313 0.2996 0.2199 0.2959 0.5042 0.2800 0.3483 0.3062 6.3256 1.7061 4.6544 
1.0000 21.0000 2.3400 1.0000 7.0000 8 1.0000 1.0000 2.2620 2.0000 0.0237 5.6349 -4.1786 0.2424 -0.6809 7.3418 -1.9454 -3.3296 -0.1798 2.9270 8.1482 3.7156 -8.9134 2.1845 9.2858 -1.2436 8.6621 8.1748 7.3396 4.6896 0.3330 0.3330 0.3330 0.3330 0.3330 0.3330 0.3330 0.3330 0.3330 0.3330 0.3330 0.3330 0.3330 0.3330 0.3330 0.3330 0.3330 0.3330 0.3330 6.3270 1.4300 3.6962 
1.0000 22.0000 2.3400 1.0000 8.0000 8 1.0000 1.0000 2.3380 2.0000 3.5495 -2.1145 12.3463 -3.2066 9.5894 6.3109 6.8159 0.8033 -2.5267 7.1892 -1.6075 3.9255 -7.4965 6.9156 2.4353 3.4795 -3.5820 4.5246 -0.2355 -0.6808 0.3330 0.3330 0.3330 0.3330 0.3330 0.3330 0.3330 0.3330 0.3330 0.3330 0.3330 0.3330 0.3330 0.3330 0.3330 0.3330 0.3330 0.3330 0.3330 6.3270 1.4857 3.8216 
1.0000 23.0000 -2.3400 0.0000 8.0000 2 -1.0000 1.0000 2.7600 2.0000 -6.5844 -4.4998 -1.5598 7.1291 -5.7433 -3.0057 -5.7965 -0.6915 -0.3581 -4.4810 -5.6350 3.9233 2.2595 -4.4800 -1.5625 -7.4963 -2.4015 4.9565 -14.4273 3.9203 0.3861 0.2246 0.3105 0.5208 0.4804 0.2184 0.4091 0.3451 0.4211 0.3458 0.2825 0.4933 0.3099 0.2279 0.3281 0.2170 0.2711 0.2357 0.2962 6.3238 1.5783 4.3440 
1.0000 24.0000 2.0100 0.0000 10.0000 8 1.0000 1.0000 3.1430 2.0000 0.3261 0.4439 0.1427 0.4329 -4.8743 -3.3360 7.7463 1.3833 10.9621 10.8718 1.7834 3.5382 -6.9176 -1.5736 -1.8312 8.7939 4.0478 2.3212 -1.6483 7.5272 0.3706 0.2656 0.3037 0.2712 0.4904 0.3144 0.2845 0.3445 0.2459 0.2858 0.2314 0.4234 0.2223 0.4572 0.3799 0.4993 0.2107 0.4806 0.2409 6.3222 1.6031 4.7600 
1.0000 25.0000 1.6800 0.0000 8.0000 8 1.0000 1.0000 2.6380 2.0000 1.5505 8.5123 4.9736 -6.9287 -1.7203 2.8521 3.2905 2.8066 -2.1902 4.3939 0.5095 -4.8185 2.0178 -3.5960 12.3202 7.9957 -0.0163 -0.3592 7.7452 -4.5722 0.3992 0.2393 0.3173 0.4598 0.2111 0.4916 0.3963 0.2875 0.2290 0.2701 0.3226 0.3590 0.3053 0.3809 0.4592 0.3054 0.4361 0.2020 0.2591 6.3309 1.5583 4.2057 
1.0000 26.0000 -1.3500 1.0000 10.0000 2 -1.0000 1.0000 3.2390 2.0000 -3.0640 8.2816 -0.4291 4.1309 -0.6269 8.1109 -1.8318 2.6371 -1.1423 -1.1236 -2.7595 0.6343 -4.3243 -8.7184 -4.9682 -13.8301 -3.1849 -0.3904 -0.2374 -2.8757 0.3330 0.3330 0.3330 0.3330 0.3330 0.3330 0.3330 0.3330 0.3330 0.3330 0.3330 0.3330 0.3330 0.3330 0.3330 0.3330 0.3330 0.3330 0.3330 6.3270 1.5421 4.7899 
1.0000 27.0000 1.3500 1.0000 11.0000 2 -1.0000 0.0000 3.4490 2.0000 0.0924 -0.8674 0.6665 2.5872 -0.7112 -10.4635 -1.1671 4.7264 3.9028 -6.4354 3.0538 -4.2127 3.4181 8.1243 0.1213 7.3056 -0.4873 3.6214 9.6429 5.9460 0.3330 0.3330 0.3330 0.3330 0.3330 0.3330 0.3330 0.3330 0.3330 0.3330 0.3330 0.3330 0.3330 0.3330 0.3330 0.3330 0.3330 0.3330 0.3330 6.3270 1.5945 5.0496 
1.0000 28.0000 -1.3500 1.0000 7.0000 8 1.0000 0.0000 2.2340 2.0000 -2.9995 1.9175 -6.3762 -5.2398 4.8481 2.6621 -0.5183 6.4158 -4.9874 1.9571 1.4441 0.9369 -0.3737 2.4706 3.7790 -2.9987 0.8244 -6.5173 -8.4417 -13.8694 0.3330 0.3330 0.3330 0.3330 0.3330 0.3330 0.3330 0.3330 0.3330 0.3330 0.3330 0.3330 0.3330 0.3330 0.3330 0.3330 0.3330 0.3330 0.3330 6.3270 1.6262 3.8679 
1.0000 29.0000 -1.3500 0.0000 12.0000 2 -1.0000 1.0000 3.4550 2.0000 3.3051 -5.8491 -3.5504 1.7129 1.7783 1.6167 4.4322 -3.9202 -10.4595 -3.6709 1.5199 -11.5846 -4.1097 8.3348 -5.3545 -1.2041 -3.0552 4.7670 1.9304 -2.6751 0.2355 0.2021 0.2320 0.4221 0.2547 0.3992 0.4296 0.2901 0.2617 0.4066 0.3088 0.2797 0.2155 0.4126 0.5146 0.4895 0.2254 0.3989 0.3428 6.3214 1.5232 4.9886 
1.0000 30.0000 1.0200 0.0000 8.0000 8 1.0000 1.0000 2.2920 2.0000 0.1773 0.9930 4.4302 0.6942 5.2522 -2.1267 -4.8141 -3.6531 -0.4174 -0.9501 8.1606 -8.2559 -7.1023 -2.1691 9.8650 5.6050 5.6143 5.0508 -2.8126 5.0168 0.3545 0.2151 0.3235 0.3875 0.5163 0.2085 0.2712 0.2131 0.2947 0.4266 0.3306 0.2350 0.3341 0.3932 0.2557 0.2251 0.5314 0.4576 0.3534 6.3272 1.4147 3.7097 
1.0000 31.0000 0.6900 1.0000 8.0000 8 1.0000 1.0000 2.5520 2.0000 2.7578 -3.2963 2.2528 14.4601 -3.9264 -2.6915 3.4370 4.0040 -2.4204 -11.3965 -0.4886 2.1331 1.6712 -0.8050 2.3354 5.1715 2.3181 2.1728 -2.2198 -2.5967 0.3330 0.3330 0.3330 0.3330 0.3330 0.3330 0.3330 0.3330 0.3330 0.3330 0.3330 0.3330 0.3330 0.3330 0.3330 0.3330 0.3330 0.3330 0.3330 6.3270 1.4545 4.0194 
1.0000 32.0000 -0.6900 1.0000 6.0000 8 1.0000 0.0000 1.7840 2.0000 1.9509 6.2685 5.4214 -4.1303 -2.2263 -4.5377 -5.6760 -2.6333 5.9970 -4.4403 5.6051 -0.7736 -3.9047 6.0330 -1.4145 -8.0284 3.0136 -6.0782 -7.7677 2.0144 0.3330 0.3330 0.3330 0.3330 0.3330 0.3330 0.3330 0.3330 0.3330 0.3330 0.3330 0.3330 0.3330 0.3330 0.3330 0.3330 0.3330 0.3330 0.3330 6.3270 1.4788 3.2684 
1.0000 33.0000 0.6900 0.0000 9.0000 2 -1.0000 0.0000 2.8470 3.0000 -1.4955 7.2840 7.3495 -4.0746 -0.1981 5.7459 2.3208 6.8833 1.8109 -4.1518 9.2783 -3.5180 1.3850 2.6560 -0.6818 -10.8765 -1.4576 -5.1843 2.7950 -1.6484 0.3206 0.2011 0.3543 0.3921 0.3522 0.3930 0.4439 0.2412 0.3915 0.2351 0.4091 0.2825 0.3861 0.2449 0.3782 0.3358 0.2049 0.3131 0.4394 6.3191 1.5317 4.3809 
1.0000 34.0000 -1.6800 0.0000 11.0000 8 1.0000 0.0000 3.4680 3.0000 1.8994 8.2543 -6.1134 -0.8073 -9.5361 3.2466 -1.8870 -3.9704 -3.2605 -1.1423 -1.4709 -5.2067 -1.6635 -2.3026 1.1318 2.4747 -5.5468 2.9068 -13.4368 3.8195 0.2500 0.4652 0.2033 0.5087 0.2779 0.2105 0.3209 0.4681 0.3199 0.2583 0.3305 0.2326 0.5114 0.3515 0.4930 0.3394 0.2231 0.3014 0.2652 6.3308 1.6701 5.1526 
1.0000 35.0000 -2.6700 1.0000 7.0000 2 -1.0000 1.0000 2.3040 3.0000 -4.8605 -3.5710 -14.8905 0.0716 2.0341 1.1651 6.5843 -3.1081 2.5855 -4.6676 -0.7463 -2.0569 -9.6444 -0.1503 -5.2779 1.8719 -9.0522 -5.6997 -1.9948 -0.9360 0.3330 0.3330 0.3330 0.3330 0.3330 0.3330 0.3330 0.3330 0.3330 0.3330 0.3330 0.3330 0.3330 0.3330 0.3330 0.3330 0.3330 0.3330 0.3330 6.3270 1.6525 3.9714 
1.0000 36.0000 2.6700 0.0000 9.0000 8 1.0000 1.0000 2.8470 4.0000 0.3113 1.1901 -0.9064 2.7899 7.2620 -7.9801 4.5387 1.5673 -1.2885 -3.3718 -1.9611 11.6768 6.1266 8.4624 8.0735 5.4772 -0.1608 9.4093 -0.4589 4.2660 0.4425 0.3750 0.3156 0.2225 0.3528 0.2856 0.4092 0.3426 0.4098 0.2778 0.5093 0.3110 0.3742 0.3441 0.2393 0.2963 0.2514 0.2234 0.3389 6.3212 1.7156 4.5812 
1.0000 37.0000 2.3400 0.0000 8.0000 8 1.0000 1.0000 2.7440 4.0000 7.2161 11.4918 3.4504 -0.7339 0.7282 9.5510 3.6465 4.8459 10.0174 3.1875 4.0113 -4.6178 -1.1725 2.6698 -3.0826 4.9748 -3.6914 -4.0034 2.2494 -4.7329 0.3561 0.3817 0.3453 0.4069 0.3742 0.5181 0.2475 0.2030 0.5168 0.2580 0.4164 0.2894 0.2101 0.3712 0.2514 0.3558 0.3810 0.2114 0.2411 6.3351 1.6582 4.4112 
1.0000 38.0000 -2.0100 0.0000 8.0000 2 -1.0000 1.0000 2.5080 4.0000 -3.9469 -6.4174 2.6292 4.1899 -8.0785 -1.5183 2.5113 -11.5400 -8.6889 4.9135 -2.9894 -0.3597 3.9747 -1.4415 -2.1115 -3.8960 -5.5524 5.2288 -0.2567 -8.2259 0.2026 0.3847 0.3075 0.4561 0.3598 0.3311 0.3054 0.2783 0.3304 0.2706 0.3184 0.4179 0.4787 0.2230 0.3999 0.3099 0.2598 0.3773 0.3205 6.3317 1.4932 4.0091 
1.0000 39.0000 1.6800 1.0000 8.0000 8 1.0000 1.0000 2.6170 4.0000 0.1151 2.8093 2.7844 -5.4122 -2.2838 -0.7017 3.8515 -3.7154 -0.7509 1.5279 4.2692 -8.6301 4.5543 4.4853 9.9581 5.5378 2.5203 5.7965 11.6745 -4.9142 0.3330 0.3330 0.3330 0.3330 0.3330 0.3330 0.3330 0.3330 0.3330 0.3330 0.3330 0.3330 0.3330 0.3330 0.3330 0.3330 0.3330 0.3330 0.3330 6.3270 1.4544 4.0844 
1.0000 40.0000 1.6800 1.0000 7.0000 8 1.0000 1.0000 2.1410 4.0000 2.2428 0.6174 5.0613 1.5484 6.5878 0.3994 -3.7347 -6.9641 -2.5991 -3.1862 6.2584 5.5565 8.2677 1.2761 3.0131 -3.2799 13.1490 -0.8356 4.5394 -4.7106 0.3330 0.3330 0.3330 0.3330 0.3330 0.3330 0.3330 0.3330 0.3330 0.3330 0.3330 0.3330 0.3330 0.3330 0.3330 0.3330 0.3330 0.3330 0.3330 6.3270 1.5964 3.7420 
1.0000 41.0000 1.6800 0.0000 10.0000 8 1.0000 1.0000 3.2300 4.0000 -0.6902 -5.5633 3.2350 1.5079 1.7289 -0.7710 1.2856 4.7774 13.1265 8.3670 -0.8103 -2.9966 3.1247 -6.1933 1.6103 -2.9591 -1.4224 8.2067 9.8661 -0.7423 0.2890 0.2036 0.3036 0.2313 0.3861 0.2251 0.3958 0.4536 0.2539 0.5009 0.4308 0.3529 0.2396 0.4738 0.4201 0.2822 0.2105 0.4121 0.2655 6.3305 1.6800 4.9144 
1.0000 42.0000 -1.3500 0.0000 10.0000 2 -1.0000 1.0000 3.3360 4.0000 -3.7409 2.2218 1.0733 0.6246 -1.5252 -0.7781 -5.7685 5.3095 -8.9127 -2.1122 0.3675 4.7055 1.0676 -8.1285 9.8560 -1.4231 -3.9103 0.0010 -5.1737 -9.9621 0.4249 0.2883 0.4219 0.2475 0.3515 0.2271 0.4432 0.2306 0.4664 0.2712 0.3169 0.4729 0.2192 0.2804 0.4442 0.2122 0.4044 0.2141 0.3920 6.3288 1.4226 4.7527 
1.0000 43.0000 -1.0200 0.0000 5.0000 2 -1.0000 1.0000 1.6880 4.0000 -0.4295 -7.9125 -12.4674 -1.0815 -1.2625 7.3853 1.1555 1.8359 -4.8200 -0.8022 0.5133 -7.7407 7.9933 -5.6985 2.9830 -1.3641 -0.3962 -0.1690 2.9252 0.4717 0.3281 0.2675 0.4576 0.2412 0.4218 0.2460 0.3944 0.3637 0.5157 0.2825 0.2529 0.3995 0.2813 0.2224 0.4125 0.2321 0.3380 0.2490 0.4219 6.3283 1.5744 3.2550 
1.0000 44.0000 0.6900 1.0000 9.0000 8 1.0000 1.0000 2.7330 4.0000 0.1353 1.5638 -6.3601 5.8586 -6.0784 3.8745 -1.7983 0.6431 -6.3303 -2.5630 3.1808 13.7902 6.6261 -3.3982 -4.0839 2.4307 3.4329 0.2596 3.7007 -0.7190 0.3330 0.3330 0.3330 0.3330 0.3330 0.3330 0.3330 0.3330 0.3330 0.3330 0.3330 0.3330 0.3330 0.3330 0.3330 0.3330 0.3330 0.3330 0.3330 6.3270 1.4704 4.2169 
1.0000 45.0000 0.6900 0.0000 8.0000 8 1.0000 1.0000 2.7270 4.0000 -1.6618 -10.9324 5.3355 6.7511 8.9692 -4.1678 2.1229 -0.3484 1.8735 7.9711 0.3242 -6.5412 -2.8753 -2.0462 -1.9971 0.3653 -0.1136 4.4936 1.9530 6.2251 0.4479 0.2693 0.4061 0.2324 0.3057 0.4225 0.3706 0.4364 0.2621 0.4044 0.2167 0.3306 0.4006 0.2065 0.2720 0.4626 0.2394 0.2118 0.4285 6.3261 1.5640 4.3113 
1.0000 46.0000 0.3600 1.0000 7.0000 2 -1.0000 0.0000 2.2240 4.0000 -2.7840 0.8469 -4.9351 0.0658 -10.6678 3.9429 -8.6881 7.9461 -1.1958 9.2808 2.0243 3.6887 0.5985 -1.2696 6.8381 -2.4502 -2.4670 2.0389 -1.2602 4.0873 0.3330 0.3330 0.3330 0.3330 0.3330 0.3330 0.3330 0.3330 0.3330 0.3330 0.3330 0.3330 0.3330 0.3330 0.3330 0.3330 0.3330 0.3330 0.3330 6.3270 1.7107 3.9415 
1.0000 47.0000 0.3600 1.0000 8.0000 2 -1.0000 0.0000 2.5950 4.0000 -1.3708 -1.8756 -8.3388 7.8204 -4.1053 0.9900 -1.9251 -0.0824 5.0121 -5.6274 2.5800 6.7910 4.6630 -0.4759 -1.3946 9.7871 4.4787 -3.1000 -6.0774 -2.1831 0.3330 0.3330 0.3330 0.3330 0.3330 0.3330 0.3330 0.3330 0.3330 0.3330 0.3330 0.3330 0.3330 0.3330 0.3330 0.3330 0.3330 0.3330 0.3330 6.3270 1.4529 4.0624 
1.0000 48.0000 -0.3600 1.0000 7.0000 8 1.0000 0.0000 2.1670 4.0000 -1.8897 -0.5172 -6.3801 6.3126 3.5045 2.5674 7.4115 -1.4363 3.2396 1.0126 -9.7230 3.4380 -1.6536 -3.8584 6.7548 -3.6276 -1.9946 -7.3964 -6.5519 3.7939 0.3330 0.3330 0.3330 0.3330 0.3330 0.3330 0.3330 0.3330 0.3330 0.3330 0.3330 0.3330 0.3330 0.3330 0.3330 0.3330 0.3330 0.3330 0.3330 6.3270 1.5922 3.7675 
1.0000 49.0000 -0.3600 0.0000 12.0000 8 1.0000 0.0000 4.0810 5.0000 -3.3821 -2.6614 0.7397 -5.6914 -3.9112 4.6265 4.2765 3.7068 -10.3802 5.4902 8.0973 -5.2880 -5.5760 2.0486 5.8112 4.0679 -3.4438 0.5718 -2.6429 -2.1452 0.2945 0.4110 0.4955 0.3451 0.3192 0.2714 0.2298 0.4160 0.2120 0.4303 0.4635 0.2709 0.2147 0.5051 0.2463 0.2919 0.2600 0.4444 0.2108 6.3324 1.4728 5.5654 
1.0000 50.0000 1.3500 1.0000 13.0000 8 1.0000 1.0000 4.2800 5.0000 -2.1135 -0.2988 5.9786 7.0140 3.1788 -0.4867 -4.5614 -0.3001 1.1135 8.3511 9.3099 5.6797 -12.7977 -1.4646 4.3257 0.1101 3.1959 -2.7540 1.2738 3.6541 0.3330 0.3330 0.3330 0.3330 0.3330 0.3330 0.3330 0.3330 0.3330 0.3330 0.3330 0.3330 0.3330 0.3330 0.3330 0.3330 0.3330 0.3330 0.3330 6.3270 1.5335 5.8138 
1.0000 51.0000 1.3500 1.0000 13.0000 2 -1.0000 0.0000 4.1070 5.0000 -3.2282 5.3767 1.6215 8.3575 -1.9654 -9.8899 -4.1788 -5.8613 1.2829 -4.0147 8.9802 -0.6671 0.7774 5.9038 3.6262 3.4085 6.3590 3.6618 6.1477 0.8257 0.3330 0.3330 0.3330 0.3330 0.3330 0.3330 0.3330 0.3330 0.3330 0.3330 0.3330 0.3330 0.3330 0.3330 0.3330 0.3330 0.3330 0.3330 0.3330 6.3270 1.4971 5.6076 
1.0000 52.0000 1.3500 1.0000 10.0000 8 1.0000 1.0000 3.0650 5.0000 -2.4100 1.7900 -2.9113 5.2818 -6.3764 -6.4277 6.8562 -1.9501 5.7034 -1.2978 -3.9687 -3.7435 -1.3221 7.2116 8.1764 0.5279 8.6982 6.9768 6.5985 1.3578 0.3330 0.3330 0.3330 0.3330 0.3330 0.3330 0.3330 0.3330 0.3330 0.3330 0.3330 0.3330 0.3330 0.3330 0.3330 0.3330 0.3330 0.3330 0.3330 6.3270 1.6607 4.7327 
1.0000 53.0000 -1.3500 0.0000 13.0000 8 1.0000 0.0000 4.3040 5.0000 -1.3004 -1.9534 5.9009 -6.0241 5.0210 1.3331 -6.9169 1.7329 0.0844 -10.5400 -1.4730 -3.1716 -6.6471 -4.9811 1.9371 -3.2103 5.6256 -0.8943 -7.5297 6.4543 0.3307 0.4070 0.2303 0.4444 0.2704 0.4325 0.2476 0.3564 0.2590 0.3399 0.4217 0.2794 0.5262 0.2147 0.3071 0.2659 0.4005 0.2726 0.3293 6.3355 1.6130 5.9382 
1.0000 54.0000 2.3400 1.0000 8.0000 8 1.0000 1.0000 2.3700 5.0000 2.2049 0.6699 -1.5191 1.7907 4.1693 5.8571 1.0553 -10.2436 5.4261 9.8130 3.0004 0.8037 -2.8420 -0.8038 8.8399 8.4093 4.6190 -2.2353 -1.6326 10.1352 0.3330 0.3330 0.3330 0.3330 0.3330 0.3330 0.3330 0.3330 0.3330 0.3330 0.3330 0.3330 0.3330 0.3330 0.3330 0.3330 0.3330 0.3330 0.3330 6.3270 1.5367 3.9204 
1.0000 55.0000 -2.3400 0.0000 10.0000 2 -1.0000 1.0000 2.9430 6.0000 -4.5426 1.7415 -10.3626 -4.9848 -1.7650 -2.2576 -7.7088 4.7152 -2.5904 0.6402 5.5967 -3.3295 3.1224 -11.6707 2.8539 0.3340 -10.0708 -3.0622 0.5519 -5.2822 0.2241 0.3102 0.4060 0.3410 0.2996 0.2380 0.3489 0.2121 0.2519 0.3600 0.2849 0.4817 0.2663 0.5011 0.4241 0.2663 0.4957 0.2192 0.3931 6.3244 1.4442 4.3935 
1.0000 56.0000 -2.0100 1.0000 10.0000 8 1.0000 0.0000 3.0230 6.0000 0.3958 -11.8382 -7.0432 9.9114 -2.6749 -7.1652 -7.3507 5.2376 -4.2475 0.2417 -4.1421 -1.4926 -4.4837 4.1790 -2.4928 0.2313 -1.3248 2.1580 -5.8628 -3.5550 0.3330 0.3330 0.3330 0.3330 0.3330 0.3330 0.3330 0.3330 0.3330 0.3330 0.3330 0.3330 0.3330 0.3330 0.3330 0.3330 0.3330 0.3330 0.3330 6.3270 1.4075 4.4399 
1.0000 57.0000 -2.0100 1.0000 8.0000 2 -1.0000 1.0000 2.6610 6.0000 -5.1767 5.2094 -3.3697 -4.9295 4.4608 -7.8003 2.5923 5.4180 -8.8798 -0.4290 -6.6077 1.0573 -6.2580 3.2243 -8.2393 -3.2920 0.9959 -10.0490 -0.8706 2.7002 0.3330 0.3330 0.3330 0.3330 0.3330 0.3330 0.3330 0.3330 0.3330 0.3330 0.3330 0.3330 0.3330 0.3330 0.3330 0.3330 0.3330 0.3330 0.3330 6.3270 1.5482 4.2118 
1.0000 58.0000 -2.0100 0.0000 7.0000 2 -1.0000 1.0000 2.1250 6.0000 -0.1560 -8.1531 9.6878 -5.5893 -4.8345 -5.9687 1.9979 -4.0063 -2.5545 1.0986 0.9522 4.2127 -10.4140 -5.0876 -4.6105 -5.3106 6.2879 -3.8805 -5.2094 2.6517 0.2596 0.4669 0.2958 0.2510 0.2002 0.3830 0.5001 0.2255 0.4895 0.2573 0.4942 0.3283 0.4152 0.3099 0.2744 0.3235 0.2588 0.2144 0.3803 6.3282 1.6392 3.7759 
1.0000 59.0000 -1.6800 0.0000 9.0000 2 -1.0000 1.0000 2.6390 6.0000 0.4890 3.2333 -2.7924 -2.6876 -7.3870 -10.4014 -0.6564 0.0604 -1.2356 1.7191 5.8517 1.7619 -3.6572 6.5078 -12.8823 1.9838 -4.3344 -5.0550 -7.0889 1.8368 0.4152 0.2301 0.3283 0.4260 0.2392 0.4311 0.2700 0.2333 0.3123 0.2595 0.3538 0.2472 0.4211 0.2148 0.3890 0.2106 0.4876 0.5202 0.3467 6.3361 1.4801 4.1231 
1.0000 60.0000 1.3500 1.0000 12.0000 8 1.0000 1.0000 3.8720 6.0000 1.8955 -2.2819 -7.9453 -2.6868 8.6712 4.3238 -2.5700 4.8035 -2.1200 2.8722 3.5206 3.4998 7.4270 -6.2624 0.6754 0.4345 -2.0293 1.3057 12.2917 1.1633 0.3330 0.3330 0.3330 0.3330 0.3330 0.3330 0.3330 0.3330 0.3330 0.3330 0.3330 0.3330 0.3330 0.3330 0.3330 0.3330 0.3330 0.3330 0.3330 6.3270 1.5356 5.4061 
1.0000 61.0000 -1.3500 0.0000 10.0000 2 -1.0000 1.0000 3.1280 6.0000 -4.9154 6.1999 -9.8504 -3.7345 -3.9148 -4.2630 -7.4768 1.6437 -3.3578 -0.6701 -3.0550 9.3117 -4.1191 6.3621 -3.3290 5.9535 -3.8408 0.3858 -3.5531 -0.8762 0.2316 0.2923 0.3645 0.5327 0.2829 0.3207 0.2789 0.3501 0.2566 0.5153 0.3520 0.2332 0.5131 0.3543 0.2616 0.4638 0.2474 0.2816 0.2022 6.3346 1.4557 4.5789 
1.0000 62.0000 -1.0200 1.0000 8.0000 2 -1.0000 1.0000 2.3890 6.0000 0.7005 -5.8780 2.1798 -2.5319 -14.7852 4.7945 3.3662 0.9181 0.6786 -5.1800 4.1322 -1.7662 7.7402 0.9881 -5.1310 -1.8192 2.0768 -3.6551 -5.2127 -1.2482 0.3330 0.3330 0.3330 0.3330 0.3330 0.3330 0.3330 0.3330 0.3330 0.3330 0.3330 0.3330 0.3330 0.3330 0.3330 0.3330 0.3330 0.3330 0.3330 6.3270 1.6374 4.0235 
1.0000 63.0000 -1.0200 0.0000 10.0000 8 1.0000 0.0000 3.4500 7.0000 -1.4637 -3.7553 -3.9449 7.3999 -1.4813 1.5592 -1.4862 2.4698 4.4488 7.9804 -3.3387 3.3536 -4.0041 -3.1849 -6.7451 2.7066 2.1259 -9.8075 -9.4202 -2.4323 0.2315 0.3788 0.2894 0.2627 0.3509 0.3069 0.4118 0.5082 0.2606 0.4797 0.3964 0.2249 0.2952 0.4548 0.2144 0.4406 0.3400 0.2050 0.2768 6.3285 1.6211 5.0845 
1.0000 64.0000 -2.0100 1.0000 13.0000 2 -1.0000 1.0000 4.1820 7.0000 -2.0817 -7.0938 -4.0717 4.5511 -2.6037 -1.9024 -8.8778 -3.2565 1.6843 -7.1611 -3.8579 1.4277 -8.6645 -5.5485 1.5831 0.5680 -3.7829 8.6204 -4.7854 6.9187 0.3330 0.3330 0.3330 0.3330 0.3330 0.3330 0.3330 0.3330 0.3330 0.3330 0.3330 0.3330 0.3330 0.3330 0.3330 0.3330 0.3330 0.3330 0.3330 6.3270 1.6797 5.8829 
1.0000 65.0000 2.0100 1.0000 7.0000 8 1.0000 1.0000 2.1510 7.0000 -2.1123 11.2500 -0.4641 0.8654 9.8853 7.0974 1.3785 6.4732 3.9765 7.1900 -2.1531 -6.6462 4.2639 0.5642 6.2286 -2.6048 -4.6585 -0.7511 3.4140 -2.8120 0.3330 0.3330 0.3330 0.3330 0.3330 0.3330 0.3330 0.3330 0.3330 0.3330 0.3330 0.3330 0.3330 0.3330 0.3330 0.3330 0.3330 0.3330 0.3330 6.3270 1.6831 3.8514 
1.0000 66.0000 2.0100 0.0000 12.0000 2 -1.0000 0.0000 3.7050 7.0000 2.8563 -2.0334 7.4516 -3.0958 -4.7895 3.0622 -6.9841 9.0897 6.9067 3.1557 8.1249 5.7732 -5.4987 5.2357 2.9289 1.2225 2.4874 1.2862 -3.9198 8.2747 0.4519 0.2021 0.2988 0.4380 0.3053 0.3361 0.4111 0.3176 0.2792 0.2140 0.2949 0.2194 0.4063 0.3653 0.5035 0.4586 0.3459 0.2278 0.2600 6.3361 1.6667 5.3890 
1.0000 67.0000 3.0000 0.0000 7.0000 8 1.0000 1.0000 1.9310 8.0000 6.8965 2.3892 6.3074 10.0602 3.9393 5.8348 -11.1560 2.9407 4.0589 7.1491 5.7588 4.5109 -4.2673 -2.7112 -1.5919 -0.0488 3.5228 8.1471 1.3666 8.7383 0.3514 0.2333 0.3356 0.2443 0.4390 0.3148 0.2635 0.3193 0.5126 0.2049 0.2534 0.3335 0.2409 0.3829 0.4128 0.3343 0.3754 0.4376 0.3446 6.3340 1.4949 3.4316 
1.0000 68.0000 2.6700 0.0000 8.0000 8 1.0000 1.0000 2.5970 8.0000 2.6792 14.7220 3.3166 8.0967 6.2395 2.3763 5.2992 -0.7508 -6.3267 -2.0673 2.9688 0.2514 8.4795 3.4681 4.4603 2.2789 3.8371 2.4396 -3.2633 -6.6448 0.3479 0.2553 0.4015 0.4906 0.2595 0.4797 0.2154 0.4595 0.2737 0.2135 0.3188 0.4109 0.2086 0.4001 0.3359 0.2892 0.2129 0.2495 0.5139 6.3364 1.5231 4.1311 
1.0000 69.0000 -2.3400 1.0000 12.0000 2 -1.0000 1.0000 3.8840 8.0000 -3.4751 -0.1110 -4.2946 -1.3178 -5.6511 -5.0058 -5.6464 -6.2437 -3.7244 -10.5415 2.4777 -5.4508 3.0225 3.6402 -2.2039 -9.7353 3.4711 2.7036 8.0599 -5.8785 0.3330 0.3330 0.3330 0.3330 0.3330 0.3330 0.3330 0.3330 0.3330 0.3330 0.3330 0.3330 0.3330 0.3330 0.3330 0.3330 0.3330 0.3330 0.3330 6.3270 1.6068 5.5012 
1.0000 70.0000 2.3400 0.0000 9.0000 8 1.0000 1.0000 2.8290 8.0000 6.5885 -4.8461 2.0106 -1.1149 3.7853 3.3773 6.3738 10.1814 2.4390 -6.6087 -5.8161 7.1015 -3.4292 4.3542 4.2250 1.9980 -1.9601 5.5745 10.0483 1.7167 0.2358 0.3106 0.3638 0.3117 0.2526 0.2941 0.2041 0.3639 0.4964 0.2421 0.3773 0.4802 0.4223 0.2388 0.3875 0.4812 0.2495 0.3543 0.2554 6.3218 1.6118 4.4460 
1.0000 71.0000 -2.0100 1.0000 8.0000 2 -1.0000 1.0000 2.6040 8.0000 -6.8335 -14.1265 -0.8964 0.0870 2.0401 -1.3825 1.4392 2.7726 -7.7474 -1.7835 2.6243 -0.8333 1.3124 2.7555 -7.0054 2.4713 -3.1298 3.2173 -10.5533 -3.5636 0.3330 0.3330 0.3330 0.3330 0.3330 0.3330 0.3330 0.3330 0.3330 0.3330 0.3330 0.3330 0.3330 0.3330 0.3330 0.3330 0.3330 0.3330 0.3330 6.3270 1.6302 4.2384 
1.0000 72.0000 2.0100 0.0000 12.0000 8 1.0000 1.0000 3.9320 8.0000 -2.1655 0.2240 1.5591 -2.7169 4.9713 -0.3019 9.7422 12.2636 3.3014 8.5767 3.9355 3.6678 2.6545 6.3648 2.2973 -9.3636 -0.1485 -4.8745 1.7866 -0.5918 0.3656 0.4131 0.2077 0.4070 0.2858 0.3562 0.3968 0.2337 0.3968 0.3585 0.2538 0.3719 0.3423 0.2291 0.2885 0.4514 0.3378 0.4063 0.2291 6.3314 1.7075 5.6491 
1.0000 73.0000 1.6800 0.0000 11.0000 2 -1.0000 0.0000 3.5510 9.0000 3.2439 2.2427 -1.5879 -4.8951 2.0856 5.0838 -2.2469 -4.6073 3.1962 -5.2706 1.2202 9.4732 -1.2363 5.3169 2.8734 9.3897 -0.8744 -5.7856 6.8695 8.8162 0.4099 0.2701 0.2953 0.3851 0.2829 0.5013 0.3708 0.3277 0.4016 0.2102 0.3247 0.4831 0.2484 0.3902 0.2063 0.4000 0.3171 0.2056 0.3019 6.3322 1.6088 5.1686 
1.0000 74.0000 -2.6700 1.0000 12.0000 8 1.0000 0.0000 3.6880 9.0000 -3.6051 -4.4171 -6.8917 0.6732 -3.4922 5.6212 -7.4235 4.8073 -0.8846 -2.8052 -2.7989 -4.4892 2.1408 -5.9610 6.8617 -8.7154 1.5500 -11.9239 -2.7411 -8.9887 0.3330 0.3330 0.3330 0.3330 0.3330 0.3330 0.3330 0.3330 0.3330 0.3330 0.3330 0.3330 0.3330 0.3330 0.3330 0.3330 0.3330 0.3330 0.3330 6.3270 1.6776 5.3721 
1.0000 75.0000 -2.6700 1.0000 10.0000 2 -1.0000 1.0000 3.1610 9.0000 1.8574 -0.9193 -14.0509 -3.4481 0.4805 -2.7366 -6.0336 -6.2754 -3.6085 -7.9313 1.8411 -6.1038 -0.4324 -0.4990 6.1971 4.1926 -10.7003 -3.9533 0.0343 -2.6982 0.3330 0.3330 0.3330 0.3330 0.3330 0.3330 0.3330 0.3330 0.3330 0.3330 0.3330 0.3330 0.3330 0.3330 0.3330 0.3330 0.3330 0.3330 0.3330 6.3270 1.5435 4.7121 
1.0000 76.0000 2.6700 0.0000 10.0000 8 1.0000 1.0000 3.1620 10.0000 1.1432 12.5667 2.0233 3.4180 3.2690 8.2950 5.6932 -8.2917 9.3958 1.9744 -1.7901 -5.5226 2.5209 6.5194 -4.7823 7.4915 3.1086 3.2241 3.4303 1.1479 0.2915 0.2051 0.2478 0.3343 0.2431 0.5055 0.4280 0.3564 0.5134 0.3705 0.2171 0.4953 0.3215 0.2427 0.3390 0.4484 0.2087 0.2444 0.3074 6.3200 1.4910 4.6625 
