subNo index mean periodicity nEvents pressedKey answer isCorrect rt reversal s1 s2 s3 s4 s5 s6 s7 s8 s9 s10 s11 s12 s13 s14 s15 s16 s17 s18 s19 s20 t1 t2 t3 t4 t5 t6 t7 t8 t9 t10 t11 t12 t13 t14 t15 t16 t17 t18 t19 seqDuration startInterval trialDuration 
12.0000 1.0000 -9.0000 1.0000 7.0000 8 -1.0000 1.0000 2.0370 0.0000 -9.2485 -4.1133 -6.8802 -7.4028 -8.5627 -7.6734 -7.2082 -17.4174 -6.7781 -12.5756 -7.9687 -6.8151 -8.0260 -4.2434 -14.7468 -4.4490 -22.0517 -7.6499 -1.9056 -15.2724 0.3330 0.3330 0.3330 0.3330 0.3330 0.3330 0.3330 0.3330 0.3330 0.3330 0.3330 0.3330 0.3330 0.3330 0.3330 0.3330 0.3330 0.3330 0.3330 6.3270 1.7291 3.7712 
12.0000 2.0000 9.0000 1.0000 5.0000 2 1.0000 1.0000 1.3520 0.0000 13.8333 10.5297 2.9159 5.9337 6.5687 11.5232 13.3125 3.8305 20.3395 8.0738 13.9305 7.4068 1.8619 8.2700 11.4626 1.2763 14.7442 12.4716 3.2474 9.1972 0.3330 0.3330 0.3330 0.3330 0.3330 0.3330 0.3330 0.3330 0.3330 0.3330 0.3330 0.3330 0.3330 0.3330 0.3330 0.3330 0.3330 0.3330 0.3330 6.3270 1.5066 2.8689 
12.0000 3.0000 9.0000 0.0000 4.0000 2 1.0000 1.0000 1.2560 0.0000 11.9930 11.5263 2.3772 10.7887 -0.7401 6.0738 10.8523 15.7037 8.5065 3.6993 6.9283 3.9467 7.3065 11.7981 10.3517 8.7326 7.9979 21.7509 13.1235 5.5052 0.3793 0.4382 0.2366 0.3147 0.2371 0.4884 0.2083 0.4907 0.4094 0.2658 0.3915 0.2118 0.2540 0.3807 0.3529 0.2558 0.3233 0.2263 0.4623 6.3270 1.4279 2.6896 
12.0000 4.0000 9.0000 0.0000 5.0000 2 1.0000 1.0000 1.2960 0.0000 4.9366 5.9176 9.6213 3.2313 4.7639 15.0677 9.8961 13.8181 6.7214 7.1245 11.7465 2.5587 -0.7787 20.0899 10.4667 6.4616 14.4422 9.7177 12.5414 11.1672 0.2484 0.2091 0.3347 0.4118 0.3544 0.2907 0.3299 0.2655 0.3521 0.3170 0.4958 0.2027 0.5034 0.2004 0.3825 0.2868 0.5186 0.3532 0.2658 6.3228 1.4171 2.7137 
12.0000 5.0000 -7.0000 1.0000 4.0000 8 -1.0000 1.0000 1.3160 0.0000 -3.1647 -3.1509 -1.4550 -8.8387 -9.6550 0.0385 -16.1266 -5.6700 -13.9473 -9.8826 -9.4170 0.9734 -3.2294 -14.6589 -8.6631 -10.0193 -3.1012 -3.5270 -6.2180 -11.7969 0.3330 0.3330 0.3330 0.3330 0.3330 0.3330 0.3330 0.3330 0.3330 0.3330 0.3330 0.3330 0.3330 0.3330 0.3330 0.3330 0.3330 0.3330 0.3330 6.3270 1.4895 2.8163 
12.0000 6.0000 -7.0000 1.0000 4.0000 8 -1.0000 1.0000 1.1180 0.0000 -5.3560 -13.7672 -9.1062 -6.0742 1.4089 -10.4498 -7.3235 -6.8142 -11.8069 -13.4494 3.4700 -5.3660 -6.8063 -9.0714 -12.3885 -6.0148 -6.7074 -10.0865 3.7173 -8.7652 0.3330 0.3330 0.3330 0.3330 0.3330 0.3330 0.3330 0.3330 0.3330 0.3330 0.3330 0.3330 0.3330 0.3330 0.3330 0.3330 0.3330 0.3330 0.3330 6.3270 1.6144 2.7519 
12.0000 7.0000 -7.0000 0.0000 4.0000 8 -1.0000 1.0000 1.1250 0.0000 -3.3194 -11.6356 -7.9539 -2.7218 -13.7709 -3.3895 -13.7848 -0.7397 -11.2354 -5.7794 0.1975 -6.9911 -18.6730 -10.1772 -7.3644 -3.3451 -8.0701 -4.5840 -0.0072 -7.5118 0.3624 0.3010 0.3548 0.2506 0.3153 0.2053 0.2952 0.2069 0.4815 0.3105 0.4273 0.2163 0.2998 0.4665 0.3817 0.2506 0.4192 0.2973 0.4827 6.3247 1.4220 2.5589 
12.0000 8.0000 -5.0000 1.0000 5.0000 8 -1.0000 1.0000 1.6570 0.0000 -1.6688 -3.1615 -2.2975 -5.8427 -12.9757 -8.7487 -7.9558 9.7485 -5.3211 0.3916 -3.8828 -5.7366 -12.1273 -11.1889 -7.5751 -3.6539 -5.5579 -3.7379 -5.6808 -2.6220 0.3330 0.3330 0.3330 0.3330 0.3330 0.3330 0.3330 0.3330 0.3330 0.3330 0.3330 0.3330 0.3330 0.3330 0.3330 0.3330 0.3330 0.3330 0.3330 6.3270 1.7102 3.3743 
12.0000 9.0000 5.0000 0.0000 3.0000 2 1.0000 1.0000 0.7900 0.0000 6.6543 9.5533 0.8853 4.6568 4.0955 4.4467 11.9500 -0.4702 12.1306 8.8155 11.5234 4.2962 7.5536 -4.6936 4.3484 -5.4452 9.7704 3.7385 6.5222 1.5283 0.2451 0.2128 0.5298 0.2216 0.4630 0.1998 0.4187 0.2072 0.3685 0.2989 0.3307 0.2102 0.2857 0.4492 0.4958 0.4157 0.2100 0.4903 0.2679 6.3211 1.5101 2.3076 
12.0000 10.0000 -3.0000 1.0000 4.0000 8 -1.0000 1.0000 1.2790 0.0000 1.0008 -1.0018 -7.5945 -4.5368 2.1131 -6.0510 -10.7764 -6.6803 6.7011 -4.7471 -13.3984 -1.0829 1.6818 -6.4206 -4.0428 -4.2308 -3.2539 0.3448 5.3004 -4.4796 0.3330 0.3330 0.3330 0.3330 0.3330 0.3330 0.3330 0.3330 0.3330 0.3330 0.3330 0.3330 0.3330 0.3330 0.3330 0.3330 0.3330 0.3330 0.3330 6.3270 1.4847 2.7795 
12.0000 11.0000 -3.0000 0.0000 4.0000 8 -1.0000 1.0000 1.0570 0.0000 -1.3579 -6.3132 -2.9731 -1.4772 4.9798 -7.8643 -8.2435 -5.5588 -4.1204 5.6564 -12.7405 -0.5595 -2.5534 -4.6504 -3.5230 -9.2098 1.1334 -6.5785 3.6526 2.9616 0.2458 0.2896 0.2348 0.3478 0.2329 0.3237 0.2132 0.3273 0.4272 0.2739 0.3581 0.4169 0.3892 0.5216 0.2600 0.4563 0.4026 0.3357 0.2631 6.3199 1.4279 2.4912 
12.0000 12.0000 1.0000 0.0000 5.0000 2 1.0000 1.0000 1.4550 0.0000 3.8366 4.9925 -6.9077 0.5625 -0.1112 -1.2654 0.8705 -1.7102 2.5560 10.4107 -2.2870 6.0245 9.7032 -0.8879 -3.9765 -8.9887 5.7820 0.2609 2.2921 -0.6894 0.3287 0.2598 0.4337 0.3992 0.4527 0.2079 0.2509 0.3235 0.3878 0.4453 0.2269 0.3454 0.3092 0.2770 0.3856 0.2426 0.3612 0.3193 0.3608 6.3175 1.5020 2.9722 
12.0000 13.0000 -0.0000 1.0000 4.0000 8 -1.0000 1.0000 1.0380 0.0000 -1.3508 -7.0413 5.8814 0.6765 5.5801 -0.1478 -3.9990 7.1018 -1.3901 -5.3621 -8.7455 6.7062 1.6691 -4.1941 1.2276 1.0099 4.2504 -9.4802 2.2354 4.1963 0.3330 0.3330 0.3330 0.3330 0.3330 0.3330 0.3330 0.3330 0.3330 0.3330 0.3330 0.3330 0.3330 0.3330 0.3330 0.3330 0.3330 0.3330 0.3330 6.3270 1.5137 2.5552 
12.0000 14.0000 0.0000 0.0000 6.0000 8 -1.0000 1.0000 2.0850 0.0000 -4.2717 0.7023 -5.6695 -2.7661 -5.6349 3.0710 -3.2972 -2.1668 -5.7194 -2.8949 8.8186 2.1877 5.7849 7.8409 3.1393 10.1612 -4.5488 -1.8054 -2.7794 0.5396 0.3483 0.4276 0.4790 0.2716 0.3169 0.4368 0.2902 0.2267 0.4746 0.2317 0.3855 0.2274 0.3839 0.3337 0.2177 0.3368 0.2410 0.3703 0.3318 6.3314 1.5080 3.6019 
12.0000 15.0000 0.0000 0.0000 6.0000 8 -1.0000 1.0000 1.7350 0.0000 1.6149 1.6397 0.1918 -3.7404 -5.5785 -6.0502 12.2814 -1.8174 2.1185 -0.3224 -2.2208 5.2743 6.3023 2.6807 -6.8002 -1.6403 1.0228 4.0031 -8.0727 0.6594 0.2164 0.4723 0.2242 0.2921 0.3964 0.2272 0.3456 0.2589 0.3779 0.2223 0.4433 0.3780 0.4149 0.2398 0.2835 0.4613 0.3431 0.4032 0.3226 6.3231 1.5837 3.3191 
12.0000 16.0000 0.0000 1.0000 4.0000 8 -1.0000 1.0000 1.2480 0.0000 2.1712 -0.5606 -1.3333 -5.5984 -15.4611 0.7770 1.6208 3.1843 5.9773 4.9892 -3.8743 8.4241 4.3746 1.5099 -3.0199 0.4047 0.3652 -2.5378 -1.7636 -1.6414 0.3330 0.3330 0.3330 0.3330 0.3330 0.3330 0.3330 0.3330 0.3330 0.3330 0.3330 0.3330 0.3330 0.3330 0.3330 0.3330 0.3330 0.3330 0.3330 6.3270 1.7148 2.9657 
12.0000 17.0000 -0.0000 0.0000 6.0000 8 -1.0000 0.0000 1.8700 1.0000 1.6049 -1.7567 -6.6755 4.1018 -8.6369 1.6560 -3.6250 -8.0720 1.1189 4.6283 -1.8477 11.0164 -5.6271 2.1562 -0.2292 3.5673 1.6876 1.7830 -3.2267 6.1573 0.2536 0.3481 0.5119 0.3340 0.2697 0.4403 0.2260 0.2748 0.2093 0.3780 0.4915 0.2844 0.3367 0.3986 0.2802 0.2340 0.4455 0.3478 0.2668 6.3315 1.6851 3.5541 
12.0000 18.0000 0.9900 1.0000 6.0000 2 1.0000 1.0000 1.7380 1.0000 -3.4578 6.9358 6.3369 3.5531 -1.0868 1.3255 4.0143 2.9441 -1.4463 -3.2386 9.6186 -0.3251 -9.6676 -3.9662 5.8819 3.3230 -7.4620 4.0270 -1.1345 3.8194 0.3330 0.3330 0.3330 0.3330 0.3330 0.3330 0.3330 0.3330 0.3330 0.3330 0.3330 0.3330 0.3330 0.3330 0.3330 0.3330 0.3330 0.3330 0.3330 6.3270 1.6777 3.4389 
12.0000 19.0000 0.9900 0.0000 8.0000 8 -1.0000 0.0000 2.4570 1.0000 -1.0164 2.8571 -1.5584 10.7825 4.2954 4.6638 8.4932 -2.9204 -7.3124 3.6725 -4.2457 -4.5572 4.2786 0.2316 -3.8961 8.8956 -2.7378 -0.8352 2.6598 -3.2228 0.2788 0.3332 0.2903 0.3633 0.2409 0.3937 0.4826 0.2218 0.3026 0.4653 0.2101 0.2714 0.2271 0.3304 0.4656 0.2776 0.5299 0.3455 0.3058 6.3359 1.4665 3.9415 
12.0000 20.0000 1.9800 1.0000 6.0000 2 1.0000 1.0000 1.6940 1.0000 -2.3124 0.6472 2.6895 5.3309 -0.9269 3.2823 6.5592 1.4205 7.4911 -8.7411 5.2251 0.4101 -6.9256 -4.4195 4.8878 7.2087 9.0794 7.4727 1.9608 0.3987 0.3330 0.3330 0.3330 0.3330 0.3330 0.3330 0.3330 0.3330 0.3330 0.3330 0.3330 0.3330 0.3330 0.3330 0.3330 0.3330 0.3330 0.3330 0.3330 6.3270 1.5304 3.2442 
12.0000 21.0000 -1.9800 1.0000 6.0000 8 -1.0000 1.0000 1.8340 1.0000 -4.5871 2.4128 7.9787 0.7682 -5.9109 5.8742 -10.3962 4.0114 -3.0252 -2.8190 -7.5447 -9.0036 -9.0463 2.8370 -5.0730 -0.6411 -1.1607 -2.4863 -1.7612 -1.9040 0.3330 0.3330 0.3330 0.3330 0.3330 0.3330 0.3330 0.3330 0.3330 0.3330 0.3330 0.3330 0.3330 0.3330 0.3330 0.3330 0.3330 0.3330 0.3330 6.3270 1.6799 3.5182 
12.0000 22.0000 -1.9800 0.0000 5.0000 8 -1.0000 1.0000 1.3300 2.0000 -2.0807 -2.8943 -6.0509 9.6839 -1.8141 -3.1310 -0.7456 -5.1770 -0.9982 -2.5781 2.5535 -7.0055 -14.9304 3.4719 -1.6459 -3.4244 2.8630 3.6137 -6.6616 -2.5939 0.2421 0.2046 0.3243 0.2422 0.4220 0.2966 0.4043 0.2783 0.3074 0.4248 0.2229 0.3828 0.4564 0.3592 0.2159 0.3981 0.4970 0.2620 0.3776 6.3185 1.5559 2.8976 
12.0000 23.0000 1.6500 1.0000 5.0000 8 -1.0000 0.0000 1.4170 2.0000 -1.0168 0.0297 1.7416 -2.2875 9.2615 -4.1590 2.9256 -4.5975 7.2538 0.2115 6.2109 -10.7829 6.7044 7.5610 0.6389 -0.9155 2.1645 0.0343 8.7922 3.0103 0.3330 0.3330 0.3330 0.3330 0.3330 0.3330 0.3330 0.3330 0.3330 0.3330 0.3330 0.3330 0.3330 0.3330 0.3330 0.3330 0.3330 0.3330 0.3330 6.3270 1.5851 3.0179 
12.0000 24.0000 -1.6500 1.0000 7.0000 2 1.0000 0.0000 2.2600 2.0000 2.1861 -3.4525 -8.0414 -3.3541 -2.9658 -3.2638 -6.6052 5.1152 -4.9444 4.6761 -6.8723 4.1033 -2.8691 8.7276 -3.2048 1.5014 -2.4662 -9.1789 -4.6526 4.2788 0.3330 0.3330 0.3330 0.3330 0.3330 0.3330 0.3330 0.3330 0.3330 0.3330 0.3330 0.3330 0.3330 0.3330 0.3330 0.3330 0.3330 0.3330 0.3330 6.3270 1.4466 3.7107 
12.0000 25.0000 1.6500 1.0000 7.0000 8 -1.0000 0.0000 2.1320 2.0000 3.3998 -2.2055 6.4632 3.4403 0.6291 4.9020 10.4857 3.6049 0.9891 1.4996 3.3304 -0.0711 2.3827 -0.8399 6.4936 -10.4157 -0.0991 8.8881 -8.6044 -0.7627 0.3330 0.3330 0.3330 0.3330 0.3330 0.3330 0.3330 0.3330 0.3330 0.3330 0.3330 0.3330 0.3330 0.3330 0.3330 0.3330 0.3330 0.3330 0.3330 6.3270 1.7040 3.8496 
12.0000 26.0000 -1.6500 0.0000 5.0000 8 -1.0000 1.0000 1.6750 2.0000 -4.4006 -13.5813 3.9743 2.0776 -1.4740 -3.2501 -3.0184 -3.4385 -0.5437 -1.3796 -4.6622 -1.2944 -2.3403 -9.9045 7.2671 -3.6667 5.9745 -3.1924 6.0908 -0.9110 0.2769 0.3466 0.2857 0.4290 0.3701 0.3070 0.4586 0.2167 0.3355 0.5097 0.3147 0.2699 0.2071 0.3616 0.4771 0.2624 0.3079 0.3427 0.2553 6.3346 1.5235 3.2092 
12.0000 27.0000 1.3200 0.0000 5.0000 2 1.0000 1.0000 1.3400 2.0000 5.4650 4.5748 -0.0490 8.8982 2.6769 -1.9008 7.2201 -0.7781 -1.5286 5.5067 -7.5993 -4.7736 1.8193 0.4912 -9.3402 1.1329 4.8760 6.8842 -1.8852 6.2919 0.2826 0.3228 0.4157 0.2193 0.3502 0.2189 0.2464 0.2026 0.4568 0.2072 0.4091 0.3510 0.4345 0.4992 0.3011 0.2659 0.3233 0.3946 0.4214 6.3225 1.6023 2.9411 
12.0000 28.0000 -0.9900 0.0000 5.0000 8 -1.0000 1.0000 1.6050 2.0000 -0.5452 -1.0928 7.0740 2.0493 -6.8710 -1.7886 -11.8536 2.4441 -1.3356 5.3394 -4.0334 0.5918 -3.4143 4.7421 -7.8948 0.0781 -0.6925 4.2463 -7.5659 2.1253 0.2340 0.3062 0.4917 0.3622 0.2126 0.2623 0.4002 0.2479 0.3845 0.3400 0.3044 0.4438 0.2724 0.3956 0.2437 0.2072 0.3834 0.4576 0.3731 6.3225 1.7326 3.3388 
12.0000 29.0000 0.6600 1.0000 9.0000 2 1.0000 1.0000 2.6900 2.0000 -1.7591 6.3147 -2.3329 -4.9247 -0.5503 2.5554 1.9245 3.8691 2.8718 -4.3902 -7.0927 1.5153 3.0313 0.0515 -12.5184 6.4630 5.4942 2.0249 2.8892 6.2858 0.3330 0.3330 0.3330 0.3330 0.3330 0.3330 0.3330 0.3330 0.3330 0.3330 0.3330 0.3330 0.3330 0.3330 0.3330 0.3330 0.3330 0.3330 0.3330 6.3270 1.6210 4.3240 
12.0000 30.0000 0.6600 1.0000 5.0000 2 1.0000 1.0000 1.4410 2.0000 3.3753 2.6014 -10.2973 2.8116 4.5429 -2.8964 4.7450 5.4221 5.5036 -5.5683 -1.0833 -7.1900 2.2500 2.3642 2.8465 -5.8175 1.7880 9.4200 0.4475 -0.4005 0.3330 0.3330 0.3330 0.3330 0.3330 0.3330 0.3330 0.3330 0.3330 0.3330 0.3330 0.3330 0.3330 0.3330 0.3330 0.3330 0.3330 0.3330 0.3330 6.3270 1.5109 2.9754 
12.0000 31.0000 0.6600 0.0000 14.0000 8 -1.0000 0.0000 4.3630 3.0000 -1.0467 5.3471 -0.5073 5.6583 0.9117 -4.1223 6.4970 -3.3899 -7.6310 -2.8353 -0.8936 2.6920 -1.8336 11.9295 -1.3057 8.0024 -4.9754 -3.8662 4.5331 0.9878 0.2913 0.3251 0.2452 0.3664 0.2801 0.4727 0.2420 0.3045 0.2392 0.4609 0.3515 0.3121 0.2356 0.4706 0.2169 0.4992 0.2433 0.2805 0.4818 6.3188 1.5913 5.9639 
12.0000 32.0000 1.6500 1.0000 6.0000 8 -1.0000 0.0000 1.6680 3.0000 4.2335 -0.4570 -3.3122 -2.5519 -3.5479 0.6649 5.2855 3.8405 9.6491 3.8276 6.4769 -10.2150 -2.8045 1.4070 0.5359 2.7434 -1.6383 11.2983 2.8501 2.7909 0.3330 0.3330 0.3330 0.3330 0.3330 0.3330 0.3330 0.3330 0.3330 0.3330 0.3330 0.3330 0.3330 0.3330 0.3330 0.3330 0.3330 0.3330 0.3330 6.3270 1.5036 3.1852 
12.0000 33.0000 -1.6500 0.0000 3.0000 2 1.0000 0.0000 0.9630 3.0000 2.8600 -2.0678 -6.9729 -10.4340 -1.1472 5.0424 -3.3865 -4.8163 -2.2525 -3.0454 9.9565 -2.1886 -4.2696 -2.9468 1.3028 -8.9274 -1.0924 7.4149 -2.3680 -4.7906 0.2770 0.5242 0.2049 0.3819 0.3559 0.1999 0.2803 0.3768 0.4327 0.3308 0.3741 0.2353 0.2014 0.4645 0.2571 0.3031 0.4695 0.3900 0.2770 6.3362 1.4193 2.3973 
12.0000 34.0000 -2.6400 0.0000 6.0000 8 -1.0000 1.0000 1.6600 4.0000 -5.2319 -2.7838 3.3388 3.4726 -1.1841 -3.0888 7.5060 -7.4474 -1.4886 -9.8993 -6.8798 -1.7013 -5.7377 -7.2706 -5.4757 -10.9595 -3.0582 5.4984 -0.0513 0.7289 0.2882 0.4080 0.2620 0.3388 0.2458 0.5140 0.2302 0.3147 0.5031 0.2748 0.3696 0.4191 0.2619 0.3574 0.2202 0.4218 0.3684 0.2897 0.2490 6.3365 1.5406 3.2105 
12.0000 35.0000 2.3100 0.0000 9.0000 2 1.0000 1.0000 2.9950 4.0000 -1.7064 9.3743 5.1175 -1.3968 5.7786 2.5949 -3.6077 14.8005 3.6690 1.8713 -4.1787 0.3794 3.2282 -1.7209 0.2165 8.2624 2.8062 2.4479 -5.8117 4.2235 0.2391 0.3403 0.4292 0.4830 0.2970 0.2102 0.3330 0.2857 0.4007 0.4704 0.2737 0.3905 0.3409 0.2101 0.2710 0.3755 0.4136 0.2095 0.3632 6.3366 1.6586 4.6625 
12.0000 36.0000 -1.9800 1.0000 9.0000 8 -1.0000 1.0000 2.8770 4.0000 -2.3557 0.4959 3.9640 -3.0034 -2.1211 3.2899 0.0991 -8.5876 -10.3761 -4.4049 -4.8408 -4.4718 -1.6798 5.6752 -2.5393 -0.4482 -14.0704 1.6409 3.8468 1.7959 0.3330 0.3330 0.3330 0.3330 0.3330 0.3330 0.3330 0.3330 0.3330 0.3330 0.3330 0.3330 0.3330 0.3330 0.3330 0.3330 0.3330 0.3330 0.3330 6.3270 1.6088 4.4949 
12.0000 37.0000 1.9800 1.0000 11.0000 2 1.0000 1.0000 3.5220 4.0000 2.6534 3.1363 -2.3794 1.0059 3.9590 4.3902 -7.4531 5.4344 13.9130 -1.9591 -3.7976 -2.8353 9.4927 8.4966 -0.8181 1.9057 4.9253 -2.3541 1.5391 -0.6056 0.3330 0.3330 0.3330 0.3330 0.3330 0.3330 0.3330 0.3330 0.3330 0.3330 0.3330 0.3330 0.3330 0.3330 0.3330 0.3330 0.3330 0.3330 0.3330 6.3270 1.5735 5.1061 
12.0000 38.0000 1.9800 1.0000 13.0000 2 1.0000 1.0000 4.0210 4.0000 1.0881 4.5154 -0.4024 9.2783 -3.8112 2.0258 -4.4905 1.5778 -0.1755 2.1270 0.4534 4.0160 5.0148 4.8169 -3.4276 15.2052 5.7290 -1.9267 -6.6406 4.3800 0.3330 0.3330 0.3330 0.3330 0.3330 0.3330 0.3330 0.3330 0.3330 0.3330 0.3330 0.3330 0.3330 0.3330 0.3330 0.3330 0.3330 0.3330 0.3330 6.3270 1.6975 5.7217 
12.0000 39.0000 1.9800 0.0000 5.0000 2 1.0000 1.0000 2.0720 4.0000 2.8168 2.0227 7.5035 8.7664 1.6329 -0.1257 0.2603 -0.2876 3.8670 -2.3483 -5.7394 -6.8253 3.8601 4.0814 6.4775 0.8513 2.1946 4.0664 12.6719 -5.7514 0.4414 0.4838 0.4505 0.5079 0.2874 0.2206 0.4592 0.2795 0.3087 0.2060 0.3350 0.2205 0.3019 0.2760 0.3857 0.2909 0.2625 0.3542 0.2644 6.3361 1.4606 3.5388 
12.0000 40.0000 1.6500 1.0000 5.0000 2 1.0000 1.0000 1.3870 4.0000 0.7291 1.0974 6.0602 -5.0813 12.4125 -0.6585 0.6299 7.1516 -2.2095 3.6711 5.0464 11.0231 1.5007 4.8504 0.9903 -4.7407 -1.9996 -3.7363 -3.0901 -1.3269 0.3330 0.3330 0.3330 0.3330 0.3330 0.3330 0.3330 0.3330 0.3330 0.3330 0.3330 0.3330 0.3330 0.3330 0.3330 0.3330 0.3330 0.3330 0.3330 6.3270 1.5388 2.9374 
12.0000 41.0000 1.6500 0.0000 10.0000 8 -1.0000 0.0000 3.6350 5.0000 1.7102 1.5358 7.6820 1.3731 6.2103 5.5661 -4.9523 -4.2024 -2.1425 5.2225 13.5050 2.1209 -4.3922 7.9284 -2.5803 5.0783 -3.6451 0.4232 0.0926 -2.0056 0.4112 0.3085 0.3753 0.5306 0.5046 0.2683 0.4356 0.2674 0.2142 0.3517 0.2446 0.3638 0.2816 0.4023 0.2047 0.2439 0.2810 0.4163 0.2237 6.3291 1.4040 5.0525 
12.0000 42.0000 2.6400 0.0000 9.0000 8 -1.0000 0.0000 2.7000 5.0000 4.0831 0.2331 6.7188 -3.5765 -0.7891 0.2329 3.3595 7.9526 -1.4950 4.3235 -7.0850 -6.2192 9.6592 7.1669 -1.2814 0.5965 7.9287 7.2558 6.1502 7.9547 0.3905 0.2251 0.3215 0.2843 0.3581 0.4198 0.2890 0.2267 0.2522 0.3532 0.4619 0.4255 0.2186 0.4864 0.4048 0.2309 0.2760 0.3628 0.3340 6.3213 1.5771 4.2839 
12.0000 43.0000 -3.6300 1.0000 6.0000 8 -1.0000 1.0000 1.7190 5.0000 -3.2986 -4.3754 -3.6110 5.9692 6.1730 -1.4820 -0.7623 -4.7519 -9.2977 -5.5099 -8.7103 0.0333 -6.6765 -9.0086 -8.0516 -11.1180 3.2238 -4.0487 -7.5554 -0.7060 0.3330 0.3330 0.3330 0.3330 0.3330 0.3330 0.3330 0.3330 0.3330 0.3330 0.3330 0.3330 0.3330 0.3330 0.3330 0.3330 0.3330 0.3330 0.3330 6.3270 1.5123 3.2362 
12.0000 44.0000 -3.6300 1.0000 6.0000 8 -1.0000 1.0000 1.9240 5.0000 -7.6219 -6.7143 -10.1699 -17.4045 -6.4705 -2.7447 -6.2019 5.4446 -1.8049 0.4017 -7.7224 -2.7137 1.2422 -3.2101 1.9742 -0.4574 1.7024 -3.5583 -4.2322 -2.1738 0.3330 0.3330 0.3330 0.3330 0.3330 0.3330 0.3330 0.3330 0.3330 0.3330 0.3330 0.3330 0.3330 0.3330 0.3330 0.3330 0.3330 0.3330 0.3330 6.3270 1.4504 3.3910 
12.0000 45.0000 -3.6300 1.0000 3.0000 2 1.0000 0.0000 0.8740 5.0000 -1.1437 0.3772 -8.4543 -2.2829 3.4461 3.6934 -5.0393 -0.4604 -2.7403 -6.4120 -1.7510 -2.1044 0.4730 2.8670 -8.3302 -15.9128 -9.8571 -5.8568 -5.2508 -6.5798 0.3330 0.3330 0.3330 0.3330 0.3330 0.3330 0.3330 0.3330 0.3330 0.3330 0.3330 0.3330 0.3330 0.3330 0.3330 0.3330 0.3330 0.3330 0.3330 6.3270 1.5874 2.4744 
12.0000 46.0000 -3.6300 0.0000 6.0000 8 -1.0000 1.0000 1.9760 6.0000 -6.8775 1.7276 -0.9474 -12.4467 -12.0034 -7.2780 -6.7068 -2.1143 -4.6937 5.3716 -4.8987 -5.6016 6.1141 -1.4235 -1.2441 -9.3493 -1.5213 -3.3498 -6.9177 0.7347 0.5318 0.2110 0.2810 0.4236 0.3695 0.2052 0.2537 0.2106 0.4540 0.3077 0.3572 0.3288 0.2085 0.4563 0.3304 0.2381 0.4458 0.3912 0.3299 6.3344 1.4262 3.4095 
12.0000 47.0000 -3.3000 1.0000 9.0000 8 -1.0000 1.0000 2.7170 6.0000 -7.8379 -2.5941 0.9156 -4.9182 -8.9421 0.7262 -3.3843 2.7943 -9.1578 -6.4437 -0.9794 3.1841 -10.4938 1.3976 -7.9877 -0.4229 -7.0826 -3.0070 6.3038 -9.1501 0.3330 0.3330 0.3330 0.3330 0.3330 0.3330 0.3330 0.3330 0.3330 0.3330 0.3330 0.3330 0.3330 0.3330 0.3330 0.3330 0.3330 0.3330 0.3330 6.3270 1.5621 4.2849 
12.0000 48.0000 -3.3000 1.0000 9.0000 8 -1.0000 1.0000 2.8010 6.0000 -7.5795 2.3774 -2.6297 -2.1089 1.1858 -2.1296 -2.3192 -2.3864 1.7064 -8.7246 1.8864 -8.4714 3.4563 -10.9956 -0.7586 -7.8655 -2.5547 -14.2154 -4.3016 2.0847 0.3330 0.3330 0.3330 0.3330 0.3330 0.3330 0.3330 0.3330 0.3330 0.3330 0.3330 0.3330 0.3330 0.3330 0.3330 0.3330 0.3330 0.3330 0.3330 6.3270 1.6173 4.4183 
12.0000 49.0000 -3.3000 1.0000 9.0000 2 1.0000 0.0000 2.8040 6.0000 -1.5595 0.3481 -0.6839 -3.8029 -10.1833 3.5627 -12.3533 7.1169 1.4206 -1.3194 -1.5067 -2.6863 -2.5173 -3.4700 -12.1542 -7.2738 -2.1909 -5.5888 -0.8814 -9.5852 0.3330 0.3330 0.3330 0.3330 0.3330 0.3330 0.3330 0.3330 0.3330 0.3330 0.3330 0.3330 0.3330 0.3330 0.3330 0.3330 0.3330 0.3330 0.3330 6.3270 1.4442 4.2551 
12.0000 50.0000 -3.3000 0.0000 6.0000 8 -1.0000 1.0000 1.9360 6.0000 -5.2193 2.3496 -4.9215 -9.6251 5.8677 -8.5609 -1.5521 -3.1103 2.4396 -6.9913 5.0895 -5.8440 -4.2696 -1.0604 -6.6966 -3.1894 -12.0080 -6.3877 4.6142 -5.9377 0.2854 0.4433 0.3006 0.4348 0.2413 0.2737 0.2215 0.3775 0.4297 0.2948 0.2517 0.5211 0.4018 0.3326 0.4058 0.2121 0.3471 0.2055 0.3463 6.3266 1.6168 3.5698 
12.0000 51.0000 -2.9700 1.0000 4.0000 8 -1.0000 1.0000 1.2480 6.0000 -5.8039 -15.0205 -1.7701 1.0960 -7.7213 -2.4957 -7.2412 -4.2586 1.1005 -8.8487 -1.6928 -5.8220 1.0293 -8.5495 1.3012 -0.4594 3.7298 -4.4927 2.0688 4.6362 0.3330 0.3330 0.3330 0.3330 0.3330 0.3330 0.3330 0.3330 0.3330 0.3330 0.3330 0.3330 0.3330 0.3330 0.3330 0.3330 0.3330 0.3330 0.3330 6.3270 1.4588 2.7149 
12.0000 52.0000 2.9700 0.0000 4.0000 2 1.0000 1.0000 1.2030 6.0000 1.3683 -1.8522 3.9602 -5.0209 -6.3334 0.4069 2.0811 3.6436 9.8951 4.1435 -1.5902 4.0221 1.1016 10.0179 7.0300 13.6625 7.0700 0.1710 4.0029 0.0411 0.2038 0.5236 0.3117 0.3539 0.4368 0.3825 0.2349 0.4831 0.3306 0.2086 0.4922 0.2003 0.2257 0.3698 0.2162 0.3274 0.2937 0.4555 0.2835 6.3340 1.6417 2.8541 
12.0000 53.0000 -2.6400 1.0000 10.0000 8 -1.0000 1.0000 3.2060 6.0000 -2.4081 -9.6152 0.1052 1.5643 5.6762 0.8073 -13.0635 -9.5126 -1.4757 -1.3499 5.6725 -7.2881 -6.6779 1.0569 -4.2567 -1.1943 -0.8915 -3.9497 -7.0424 0.7646 0.3330 0.3330 0.3330 0.3330 0.3330 0.3330 0.3330 0.3330 0.3330 0.3330 0.3330 0.3330 0.3330 0.3330 0.3330 0.3330 0.3330 0.3330 0.3330 6.3270 1.5461 4.7732 
12.0000 54.0000 2.6400 1.0000 6.0000 2 1.0000 1.0000 1.8960 6.0000 5.4360 7.9897 2.7776 -2.1960 5.9509 0.8690 -5.6265 6.0126 1.3377 3.3349 6.4091 -6.0601 3.7043 12.9810 7.9272 4.6890 1.3130 -2.2198 2.8958 -4.4035 0.3330 0.3330 0.3330 0.3330 0.3330 0.3330 0.3330 0.3330 0.3330 0.3330 0.3330 0.3330 0.3330 0.3330 0.3330 0.3330 0.3330 0.3330 0.3330 6.3270 1.6983 3.6135 
12.0000 55.0000 2.6400 1.0000 8.0000 2 1.0000 1.0000 2.6150 6.0000 -1.0158 -0.5674 -8.2104 2.9570 13.1403 5.1614 8.9820 7.2842 0.2588 -2.1723 -1.1342 -0.8652 7.9793 0.2671 1.8229 6.9348 -0.6286 1.7890 6.5967 4.5372 0.3330 0.3330 0.3330 0.3330 0.3330 0.3330 0.3330 0.3330 0.3330 0.3330 0.3330 0.3330 0.3330 0.3330 0.3330 0.3330 0.3330 0.3330 0.3330 6.3270 1.5474 4.1657 
12.0000 56.0000 -2.6400 0.0000 5.0000 8 -1.0000 1.0000 1.3440 6.0000 -2.6660 -13.6384 -0.6743 -3.7628 2.7774 -5.8799 -8.8068 4.3951 -5.6170 -1.6069 -1.4345 2.2131 1.8030 -4.5430 6.1137 -6.8049 -5.1284 -4.5008 -7.5492 1.6045 0.2027 0.4403 0.3041 0.3457 0.4360 0.2055 0.4359 0.2517 0.3320 0.2331 0.4251 0.2788 0.3880 0.4777 0.2026 0.4017 0.2606 0.2301 0.4690 6.3207 1.6332 2.9783 
12.0000 57.0000 2.3100 0.0000 3.0000 2 1.0000 1.0000 1.2760 6.0000 1.0314 5.5147 4.4980 -1.8983 6.7189 -0.6575 -0.3399 -9.1669 3.2547 9.9538 1.2092 2.6916 2.9587 3.3123 -4.3168 9.7891 9.8580 6.5427 -1.6620 -1.7762 0.5152 0.2981 0.4741 0.3907 0.4528 0.3810 0.3479 0.2780 0.3994 0.2876 0.2124 0.2419 0.2126 0.4927 0.2245 0.3062 0.2398 0.2138 0.3543 6.3230 1.6892 2.9770 
12.0000 58.0000 1.9800 0.0000 4.0000 2 1.0000 1.0000 1.1320 6.0000 1.5187 7.0993 5.5892 1.9024 -2.0139 11.0481 4.4492 0.7205 0.8389 -9.2998 11.4057 2.2143 2.4435 -3.3468 -1.3026 -3.2584 -2.3434 0.2774 7.4148 4.0849 0.4146 0.2177 0.2687 0.3120 0.4820 0.3135 0.2090 0.3261 0.2445 0.3951 0.4393 0.3661 0.2692 0.3176 0.3814 0.3098 0.3651 0.4328 0.2590 6.3234 1.4510 2.5822 
12.0000 59.0000 1.6500 1.0000 11.0000 2 1.0000 1.0000 3.5470 6.0000 4.7938 -10.0436 6.5751 -3.1939 6.9720 -1.7562 2.3371 2.5199 -3.6328 1.6753 5.9848 -4.4161 -1.7704 -1.0586 3.2872 10.8434 -0.5780 6.2253 4.7545 2.9346 0.3330 0.3330 0.3330 0.3330 0.3330 0.3330 0.3330 0.3330 0.3330 0.3330 0.3330 0.3330 0.3330 0.3330 0.3330 0.3330 0.3330 0.3330 0.3330 6.3270 1.4748 5.0308 
12.0000 60.0000 1.6500 0.0000 6.0000 2 1.0000 1.0000 2.1500 6.0000 1.9569 -1.1982 -5.8178 6.4434 6.2014 4.0741 -1.0426 1.4831 10.1555 0.3044 9.6613 -4.4411 -5.0302 -3.4848 -3.1034 0.7132 0.3697 2.5008 11.3279 2.9499 0.5091 0.3528 0.3877 0.2699 0.2962 0.4480 0.4081 0.3625 0.3143 0.2439 0.2970 0.2599 0.3775 0.2565 0.2018 0.4307 0.2006 0.2280 0.4872 6.3317 1.7052 3.8506 
12.0000 61.0000 1.3200 0.0000 4.0000 2 1.0000 1.0000 0.9790 6.0000 5.0905 3.5481 2.4928 2.0894 -1.8100 1.5183 -4.0520 12.4540 4.9343 -2.4042 -9.4168 2.8531 -1.9582 9.0830 -0.7849 4.1119 -1.6009 3.7159 -4.7131 1.4743 0.3172 0.2020 0.4304 0.4933 0.4258 0.3518 0.2378 0.4712 0.2648 0.3307 0.2221 0.4370 0.3940 0.2077 0.3764 0.2041 0.3002 0.2467 0.4224 6.3356 1.5080 2.4798 
12.0000 62.0000 -0.9900 1.0000 9.0000 8 -1.0000 1.0000 2.8730 6.0000 2.0100 -2.0243 2.8368 -6.4773 -3.7716 -5.7779 -0.2322 2.8898 -2.1792 0.8233 3.7700 1.5149 -0.8833 8.6819 6.9907 -8.9893 -7.5640 0.6651 -1.7455 -8.4459 0.3330 0.3330 0.3330 0.3330 0.3330 0.3330 0.3330 0.3330 0.3330 0.3330 0.3330 0.3330 0.3330 0.3330 0.3330 0.3330 0.3330 0.3330 0.3330 6.3270 1.5850 4.4734 
12.0000 63.0000 0.9900 1.0000 5.0000 8 -1.0000 0.0000 1.6410 6.0000 -2.4940 -11.1502 3.0073 0.1034 -1.6945 -0.0064 2.8643 7.3083 0.6476 12.3774 -1.1065 7.1765 2.2721 3.8350 -1.9091 -6.4002 -1.1819 2.5985 5.4669 -0.1567 0.3330 0.3330 0.3330 0.3330 0.3330 0.3330 0.3330 0.3330 0.3330 0.3330 0.3330 0.3330 0.3330 0.3330 0.3330 0.3330 0.3330 0.3330 0.3330 6.3270 1.4942 3.1418 
12.0000 64.0000 -0.9900 0.0000 8.0000 2 1.0000 0.0000 1.8820 7.0000 -4.0623 4.5157 0.9530 -1.4336 -6.5307 1.6620 9.8343 -2.5342 2.7139 -6.2328 1.3650 -6.2447 4.4347 -2.8650 -7.2212 0.1309 0.2647 4.4199 -9.8820 -1.4359 0.3448 0.2628 0.2202 0.3311 0.2482 0.2126 0.2494 0.3067 0.5087 0.2104 0.2976 0.3888 0.2226 0.5214 0.2699 0.5108 0.4330 0.4663 0.3128 6.3180 1.6202 3.5160 
12.0000 65.0000 1.9800 1.0000 5.0000 2 1.0000 1.0000 1.3600 7.0000 4.6741 6.1286 4.5266 4.2465 10.3742 7.8420 0.3710 0.7937 5.9414 -2.4443 -6.7125 8.2252 -2.1323 5.0973 -1.4646 -6.7751 3.1052 3.8995 -4.9545 -2.1127 0.3330 0.3330 0.3330 0.3330 0.3330 0.3330 0.3330 0.3330 0.3330 0.3330 0.3330 0.3330 0.3330 0.3330 0.3330 0.3330 0.3330 0.3330 0.3330 6.3270 1.5995 2.9777 
12.0000 66.0000 -1.9800 1.0000 5.0000 8 -1.0000 1.0000 1.4690 7.0000 -3.6355 -12.2886 -1.1867 -9.8753 7.4276 -9.3037 -0.0145 -6.0858 -4.5921 3.7181 2.8760 -0.3210 -1.0848 -4.3526 -5.7824 -2.0606 3.2166 0.7408 0.9259 2.8879 0.3330 0.3330 0.3330 0.3330 0.3330 0.3330 0.3330 0.3330 0.3330 0.3330 0.3330 0.3330 0.3330 0.3330 0.3330 0.3330 0.3330 0.3330 0.3330 6.3270 1.4814 2.9531 
12.0000 67.0000 -1.9800 1.0000 5.0000 2 1.0000 0.0000 1.6270 7.0000 -1.8916 -1.6211 2.2303 -4.7317 -6.1028 -5.9293 -14.1572 -2.6702 -5.5428 -2.5824 1.3018 6.4760 -2.4820 -6.7000 3.1214 -6.8038 4.2380 -0.8622 -0.7211 5.2479 0.3330 0.3330 0.3330 0.3330 0.3330 0.3330 0.3330 0.3330 0.3330 0.3330 0.3330 0.3330 0.3330 0.3330 0.3330 0.3330 0.3330 0.3330 0.3330 6.3270 1.5041 3.1440 
12.0000 68.0000 1.9800 0.0000 10.0000 2 1.0000 1.0000 3.3540 8.0000 -2.0503 6.8112 -1.3493 3.0363 4.8421 -6.6701 -4.5788 9.1038 1.9844 9.4681 -3.5236 -2.6122 5.0530 -5.3046 5.6680 3.1936 6.0381 8.5218 1.3399 2.3989 0.2198 0.4684 0.3616 0.4304 0.3157 0.4101 0.3205 0.2138 0.3129 0.3982 0.3464 0.4436 0.3582 0.2756 0.2306 0.3851 0.2019 0.2693 0.3556 6.3176 1.4384 4.8047 
12.0000 69.0000 -1.6500 0.0000 6.0000 8 -1.0000 1.0000 1.6970 8.0000 -5.6559 -2.0700 2.0722 -3.2519 -5.2327 -4.5102 1.0751 -9.3876 3.4336 0.2963 2.8749 -7.4859 0.3628 3.8072 5.5998 -6.6382 3.9379 -5.4736 -11.8211 3.1521 0.3566 0.3074 0.3471 0.3106 0.2372 0.2851 0.4034 0.2024 0.3479 0.4811 0.3854 0.2481 0.3941 0.4610 0.2678 0.2019 0.4409 0.2035 0.4481 6.3297 1.5268 3.2306 
12.0000 70.0000 -1.3200 1.0000 8.0000 8 -1.0000 1.0000 2.6260 8.0000 -0.0897 -2.3514 5.4496 -10.6364 5.0573 -1.4134 -7.5963 -8.4140 -0.1911 3.7900 -4.9211 3.2205 -0.3642 -4.9319 -5.4554 -5.5835 2.6374 -0.0638 -1.9651 8.0290 0.3330 0.3330 0.3330 0.3330 0.3330 0.3330 0.3330 0.3330 0.3330 0.3330 0.3330 0.3330 0.3330 0.3330 0.3330 0.3330 0.3330 0.3330 0.3330 6.3270 1.4373 4.0603 
12.0000 71.0000 1.3200 1.0000 12.0000 8 -1.0000 0.0000 3.9750 8.0000 1.4339 -3.9997 -0.3984 5.9244 -2.2722 7.4293 1.6866 -7.3472 -0.3493 -7.8763 4.4122 3.3638 5.5714 -4.0255 1.0703 -0.1557 11.6628 0.4245 2.8122 7.6630 0.3330 0.3330 0.3330 0.3330 0.3330 0.3330 0.3330 0.3330 0.3330 0.3330 0.3330 0.3330 0.3330 0.3330 0.3330 0.3330 0.3330 0.3330 0.3330 6.3270 1.4992 5.4758 
12.0000 72.0000 1.3200 0.0000 10.0000 2 1.0000 1.0000 2.8560 8.0000 1.0964 -3.0333 4.3207 4.1728 4.3554 11.7025 -4.0514 2.3078 1.1259 -5.0159 3.5740 -4.9186 -1.4995 11.7825 -0.6153 -1.5960 6.2241 -0.7868 2.3952 -6.1255 0.3171 0.2509 0.5029 0.2014 0.2288 0.4068 0.2505 0.3783 0.3189 0.3862 0.2277 0.3107 0.3499 0.3850 0.4782 0.2849 0.4797 0.3310 0.2405 6.3295 1.4699 4.3232 
12.0000 73.0000 -0.9900 0.0000 10.0000 8 -1.0000 1.0000 3.1170 8.0000 -1.7898 0.8465 -11.1655 -0.1845 -4.8637 -4.7352 -0.4425 7.5601 6.4175 0.4310 -2.5432 0.5497 3.5408 -9.0038 -2.6426 6.6322 -1.6148 -5.2471 -5.6297 3.8719 0.2742 0.4350 0.3968 0.2918 0.2473 0.2918 0.3470 0.2720 0.4625 0.2813 0.2134 0.2651 0.5084 0.2884 0.4448 0.2192 0.3934 0.2948 0.3995 6.3266 1.4279 4.5678 
12.0000 74.0000 -0.6600 0.0000 11.0000 2 1.0000 0.0000 3.2940 9.0000 0.0933 -11.9097 3.2507 -0.5074 -9.6070 -4.6763 -1.5298 3.2264 0.0793 -4.7139 -5.1499 -1.2545 -2.4398 6.8320 -2.8411 0.5216 3.1347 6.9424 5.4831 0.4155 0.2249 0.3169 0.4852 0.4108 0.2241 0.2720 0.3875 0.2684 0.3875 0.2328 0.2029 0.3448 0.4551 0.2765 0.3416 0.4921 0.4377 0.2017 0.3692 6.3316 1.6048 4.9116 
12.0000 75.0000 1.6500 1.0000 5.0000 2 1.0000 1.0000 1.4770 9.0000 -1.0692 0.3977 3.3950 12.0357 0.0550 0.4228 -6.0489 7.7026 4.2460 -4.1211 -1.1419 3.5102 0.5584 3.0658 4.5449 4.1068 9.1413 -8.0211 5.3283 -4.4344 0.3330 0.3330 0.3330 0.3330 0.3330 0.3330 0.3330 0.3330 0.3330 0.3330 0.3330 0.3330 0.3330 0.3330 0.3330 0.3330 0.3330 0.3330 0.3330 6.3270 1.5964 3.0781 
12.0000 76.0000 1.6500 1.0000 8.0000 2 1.0000 1.0000 2.5290 9.0000 4.0415 -0.2343 6.1694 -0.3034 6.4064 -2.8024 2.6841 -1.2152 -4.1118 4.3415 -0.2910 8.6259 -6.3008 -6.0837 -6.1401 3.3708 3.3446 9.2549 3.4596 8.6954 0.3330 0.3330 0.3330 0.3330 0.3330 0.3330 0.3330 0.3330 0.3330 0.3330 0.3330 0.3330 0.3330 0.3330 0.3330 0.3330 0.3330 0.3330 0.3330 6.3270 1.5242 4.0633 
12.0000 77.0000 1.6500 1.0000 5.0000 2 1.0000 1.0000 1.3760 9.0000 3.2729 5.2634 4.2118 -7.0576 -3.5969 -10.4178 2.5345 -2.2745 2.0440 4.4831 0.2585 2.6555 2.6218 5.3325 2.4337 0.3604 -4.6431 10.0556 7.9692 6.0762 0.3330 0.3330 0.3330 0.3330 0.3330 0.3330 0.3330 0.3330 0.3330 0.3330 0.3330 0.3330 0.3330 0.3330 0.3330 0.3330 0.3330 0.3330 0.3330 6.3270 1.5392 2.9272 
12.0000 78.0000 -1.6500 0.0000 8.0000 2 1.0000 0.0000 2.7780 9.0000 1.8771 -11.1028 0.8726 -6.9108 -1.3573 -0.5186 -1.4596 -3.1890 -3.0061 -4.0125 -8.9632 -0.3747 4.3951 -2.0357 -0.2284 7.4005 3.0597 -10.4007 -1.5582 4.4029 0.4995 0.2318 0.2798 0.3167 0.3649 0.4979 0.2647 0.3632 0.2439 0.3403 0.4050 0.2834 0.2514 0.3915 0.3358 0.2022 0.4197 0.3295 0.2959 6.3172 1.5886 4.3784 
12.0000 79.0000 2.6400 1.0000 8.0000 2 1.0000 1.0000 2.5010 9.0000 2.2701 11.0675 -4.2762 0.4549 8.9949 0.4724 8.3303 12.3332 -1.4941 -1.3484 -1.0414 -2.8554 2.8479 10.3172 1.0548 2.3510 -2.0485 4.6433 -0.6772 2.2490 0.3330 0.3330 0.3330 0.3330 0.3330 0.3330 0.3330 0.3330 0.3330 0.3330 0.3330 0.3330 0.3330 0.3330 0.3330 0.3330 0.3330 0.3330 0.3330 6.3270 1.6467 4.1522 
12.0000 80.0000 2.6400 1.0000 6.0000 2 1.0000 1.0000 1.7280 9.0000 1.6644 -1.3410 6.0387 -5.9990 6.3766 -6.2508 11.9328 -1.9523 1.9683 -0.9337 5.7577 11.0859 2.9373 -1.4823 -0.4490 6.7322 -1.5824 5.8979 5.2371 6.7705 0.3330 0.3330 0.3330 0.3330 0.3330 0.3330 0.3330 0.3330 0.3330 0.3330 0.3330 0.3330 0.3330 0.3330 0.3330 0.3330 0.3330 0.3330 0.3330 6.3270 1.4569 3.1948 
12.0000 81.0000 2.6400 1.0000 10.0000 2 1.0000 1.0000 3.1810 9.0000 -1.7174 4.9192 -2.4592 2.4302 7.0262 5.4246 7.0934 2.7829 7.7447 -9.2831 6.1482 4.2043 -1.0207 0.4345 7.8537 5.1294 -6.7920 2.0500 3.2326 8.6432 0.3330 0.3330 0.3330 0.3330 0.3330 0.3330 0.3330 0.3330 0.3330 0.3330 0.3330 0.3330 0.3330 0.3330 0.3330 0.3330 0.3330 0.3330 0.3330 6.3270 1.6702 4.8486 
12.0000 82.0000 -2.6400 0.0000 9.0000 8 -1.0000 1.0000 2.7400 10.0000 -0.4340 -3.1806 -6.5197 6.0234 -2.4525 -2.6580 -4.3315 -2.1608 -13.3709 0.6156 3.9123 0.0291 0.9400 -5.9210 -4.3338 -9.2474 -0.4118 -10.2560 -2.4760 5.3531 0.2237 0.3811 0.2941 0.3997 0.2687 0.4520 0.3032 0.2191 0.3354 0.4788 0.2577 0.5051 0.2123 0.2859 0.4404 0.2836 0.2247 0.4460 0.3194 6.3311 1.5837 4.3236 
