subNo index mean periodicity nEvents pressedKey answer isCorrect rt reversal s1 s2 s3 s4 s5 s6 s7 s8 s9 s10 s11 s12 s13 s14 s15 s16 s17 s18 s19 s20 t1 t2 t3 t4 t5 t6 t7 t8 t9 t10 t11 t12 t13 t14 t15 t16 t17 t18 t19 seqDuration startInterval trialDuration 
10.0000 1.0000 9.0000 1.0000 3.0000 2 1.0000 1.0000 0.7240 0.0000 10.0230 1.8798 11.5532 11.1394 14.3858 9.3805 9.9803 0.6398 19.7723 12.2633 10.2344 7.5208 0.7578 7.6950 6.1177 11.1402 15.6483 3.2649 10.2938 7.1447 0.3330 0.3330 0.3330 0.3330 0.3330 0.3330 0.3330 0.3330 0.3330 0.3330 0.3330 0.3330 0.3330 0.3330 0.3330 0.3330 0.3330 0.3330 0.3330 6.3270 1.5723 2.3080 
10.0000 2.0000 -9.0000 1.0000 3.0000 8 -1.0000 1.0000 0.7090 0.0000 -5.2775 -14.6658 -4.1821 -10.7962 -5.6613 -5.4711 -12.2967 -6.5656 -3.9158 -6.5482 -11.1224 -11.1955 -5.7464 -12.1135 -10.7661 -9.1633 -18.1009 -17.9177 2.0456 -9.8277 0.3330 0.3330 0.3330 0.3330 0.3330 0.3330 0.3330 0.3330 0.3330 0.3330 0.3330 0.3330 0.3330 0.3330 0.3330 0.3330 0.3330 0.3330 0.3330 6.3270 1.4212 2.1430 
10.0000 3.0000 9.0000 1.0000 3.0000 2 1.0000 1.0000 0.8690 0.0000 4.5325 5.1285 2.3935 17.5049 10.3653 14.2616 5.2486 9.2703 11.3094 11.3498 3.0359 16.7175 17.6437 11.6798 6.3170 9.1380 5.1111 1.2240 8.2619 7.8803 0.3330 0.3330 0.3330 0.3330 0.3330 0.3330 0.3330 0.3330 0.3330 0.3330 0.3330 0.3330 0.3330 0.3330 0.3330 0.3330 0.3330 0.3330 0.3330 6.3270 1.6848 2.5527 
10.0000 4.0000 9.0000 0.0000 3.0000 2 1.0000 1.0000 0.7210 0.0000 7.3223 6.0698 7.8695 0.8373 6.6624 11.4134 3.7178 19.4518 7.2077 4.8927 11.1667 9.3100 19.2888 3.9111 13.4464 9.4002 9.0317 8.7367 15.8377 5.2693 0.3442 0.2090 0.3831 0.2130 0.3674 0.3073 0.2673 0.3085 0.4980 0.4540 0.5026 0.3572 0.2516 0.2783 0.3764 0.3496 0.2145 0.3636 0.2720 6.3174 1.5929 2.3215 
10.0000 5.0000 -9.0000 1.0000 2.0000 8 -1.0000 1.0000 0.5960 0.0000 -10.8070 -9.7334 -0.7531 -16.2389 -7.5308 -10.3551 -4.7106 -17.1338 -0.1898 -4.0176 -7.6504 -14.9796 -16.2524 -6.0671 -7.6538 -4.7430 -10.5776 -15.1558 -8.2408 -8.7945 0.3330 0.3330 0.3330 0.3330 0.3330 0.3330 0.3330 0.3330 0.3330 0.3330 0.3330 0.3330 0.3330 0.3330 0.3330 0.3330 0.3330 0.3330 0.3330 6.3270 1.6050 2.1966 
10.0000 6.0000 -9.0000 1.0000 3.0000 8 -1.0000 1.0000 0.7380 0.0000 -5.9269 -13.5051 -3.3690 -11.5527 -11.6965 -10.7472 -8.4870 -7.6423 -8.9639 -16.0023 -0.9682 -9.4666 -21.8659 -7.3830 -5.6592 -11.4732 -13.7282 -3.4609 -3.5813 -5.2466 0.3330 0.3330 0.3330 0.3330 0.3330 0.3330 0.3330 0.3330 0.3330 0.3330 0.3330 0.3330 0.3330 0.3330 0.3330 0.3330 0.3330 0.3330 0.3330 6.3270 1.4215 2.1557 
10.0000 7.0000 9.0000 1.0000 3.0000 2 1.0000 1.0000 0.6750 0.0000 7.9164 3.0130 11.3240 10.2330 13.1208 2.6240 16.4070 11.9197 1.7793 12.7175 15.4596 13.2696 10.2985 0.5024 4.2909 11.3128 7.4384 4.2123 6.2597 15.5195 0.3330 0.3330 0.3330 0.3330 0.3330 0.3330 0.3330 0.3330 0.3330 0.3330 0.3330 0.3330 0.3330 0.3330 0.3330 0.3330 0.3330 0.3330 0.3330 6.3270 1.7299 2.4258 
10.0000 8.0000 -9.0000 0.0000 3.0000 8 -1.0000 1.0000 0.9720 0.0000 -8.8898 -4.1012 -1.4183 -17.1277 -12.0737 -8.4582 -4.4588 -1.2961 -9.6201 -14.6893 -5.9206 -13.6916 -7.2937 -8.1417 -13.0038 -6.7461 -8.8045 -19.7759 -9.3163 -3.3105 0.3541 0.4242 0.2333 0.2707 0.4778 0.2255 0.3926 0.2525 0.3057 0.2281 0.4058 0.5235 0.2644 0.2911 0.2585 0.4091 0.2092 0.3033 0.5070 6.3364 1.6125 2.6061 
10.0000 9.0000 -7.0000 1.0000 4.0000 8 -1.0000 1.0000 1.2430 0.0000 -4.9095 -2.5323 -12.3139 -15.9627 -5.8325 -1.1016 -6.1286 -15.8683 -13.4203 0.1689 -10.5180 -2.6074 -0.5189 -7.6842 -10.9624 -0.1989 -5.8900 -5.3981 -6.5060 -10.2933 0.3330 0.3330 0.3330 0.3330 0.3330 0.3330 0.3330 0.3330 0.3330 0.3330 0.3330 0.3330 0.3330 0.3330 0.3330 0.3330 0.3330 0.3330 0.3330 6.3270 1.4160 2.6768 
10.0000 10.0000 -7.0000 0.0000 5.0000 8 -1.0000 1.0000 1.5330 0.0000 -3.1182 -8.7852 -7.6161 -3.9617 -6.0792 -15.6674 -8.1231 -0.7692 -6.5319 -0.9061 -6.0201 -11.2849 -3.0848 -3.3892 -4.0665 -18.6152 -15.2151 -10.6475 -4.3807 -3.4503 0.2716 0.4506 0.2511 0.4095 0.2527 0.3041 0.5020 0.2737 0.4411 0.2783 0.2109 0.3918 0.2084 0.4277 0.2430 0.2997 0.4477 0.2372 0.4160 6.3172 1.7133 3.2671 
10.0000 11.0000 -5.0000 0.0000 14.0000 8 -1.0000 1.0000 4.3070 0.0000 -2.2504 -10.8137 -5.4470 -1.5578 -3.5556 -1.1759 -11.1343 -7.2581 -3.1388 -9.9064 -6.8968 -12.3635 -6.1008 -1.7735 -7.7117 -3.5930 7.1758 -1.6032 -12.2574 2.8527 0.2440 0.5274 0.3248 0.2187 0.4995 0.3001 0.4556 0.2308 0.3581 0.2726 0.3168 0.2154 0.3372 0.2131 0.3881 0.5281 0.3676 0.3033 0.2349 6.3360 1.5374 5.8574 
10.0000 12.0000 -3.0000 0.0000 9.0000 8 -1.0000 1.0000 2.8970 0.0000 -2.6769 -2.6528 -9.1481 4.7504 -1.1984 1.5462 -4.7700 -1.9246 -2.5842 -5.6994 -7.0170 -5.9003 4.8933 -11.2845 -9.3922 -6.7362 2.7021 0.0179 -8.7600 3.9447 0.2177 0.5276 0.2226 0.3168 0.3626 0.4609 0.2863 0.3226 0.2614 0.2959 0.2227 0.3822 0.4119 0.5036 0.4234 0.3634 0.2597 0.2077 0.2789 6.3278 1.5054 4.4144 
10.0000 13.0000 -1.0000 1.0000 6.0000 2 1.0000 0.0000 1.7560 0.0000 -0.4978 -8.2918 -3.2960 3.7544 -2.5350 -8.6424 -1.1621 2.2319 -6.2803 -6.1417 2.4146 -3.4529 -1.0000 1.4005 6.3479 0.6557 -0.6286 -7.4633 11.1630 0.6435 0.3330 0.3330 0.3330 0.3330 0.3330 0.3330 0.3330 0.3330 0.3330 0.3330 0.3330 0.3330 0.3330 0.3330 0.3330 0.3330 0.3330 0.3330 0.3330 6.3270 1.4183 3.1903 
10.0000 14.0000 -1.0000 1.0000 13.0000 2 1.0000 0.0000 4.0260 0.0000 -1.3518 -8.0544 4.7957 -5.9238 2.5570 3.4124 1.6323 2.7970 -8.0901 7.3085 -4.1489 -2.1038 -1.0679 3.1903 2.6784 2.8702 -2.3988 -9.6356 -8.2947 -0.8484 0.3330 0.3330 0.3330 0.3330 0.3330 0.3330 0.3330 0.3330 0.3330 0.3330 0.3330 0.3330 0.3330 0.3330 0.3330 0.3330 0.3330 0.3330 0.3330 6.3270 1.4208 5.4601 
10.0000 15.0000 1.0000 1.0000 6.0000 2 1.0000 1.0000 1.6940 0.0000 -3.7303 8.1259 -4.8015 -4.9888 6.7126 1.9054 2.7010 2.8555 7.4135 7.4438 5.5884 -2.0870 5.9410 -9.4948 -2.4010 -2.1640 4.7989 0.0852 1.7906 -4.0491 0.3330 0.3330 0.3330 0.3330 0.3330 0.3330 0.3330 0.3330 0.3330 0.3330 0.3330 0.3330 0.3330 0.3330 0.3330 0.3330 0.3330 0.3330 0.3330 6.3270 1.5014 3.1945 
10.0000 16.0000 -1.0000 0.0000 8.0000 2 1.0000 0.0000 2.5610 1.0000 -1.9687 5.5476 -0.0908 -3.0282 1.3024 -1.7401 3.5748 9.9977 2.9075 -1.1982 -2.0857 -0.3473 -8.2273 -3.4212 -6.0453 3.5069 -9.6627 -0.6090 -9.5363 -0.5162 0.3003 0.2712 0.2035 0.2697 0.4959 0.4380 0.2696 0.3159 0.2185 0.4845 0.4325 0.3212 0.4066 0.5174 0.2191 0.3571 0.2255 0.2722 0.3044 6.3230 1.6944 4.2621 
10.0000 17.0000 -1.9900 0.0000 6.0000 2 1.0000 0.0000 1.7060 1.0000 -1.2488 4.3541 4.4424 -7.6670 -4.6593 -8.6917 1.6028 -6.0550 -3.1783 -2.5524 -5.1888 -6.4856 -1.3176 -7.6954 9.5962 -0.4334 -2.8310 -2.8683 6.0191 -6.1678 0.4677 0.3060 0.2053 0.3011 0.2515 0.3478 0.5252 0.2850 0.2340 0.5247 0.2466 0.2156 0.3751 0.2069 0.5192 0.2798 0.5264 0.2186 0.2849 6.3215 1.5137 3.2233 
10.0000 18.0000 -2.9800 0.0000 9.0000 8 -1.0000 1.0000 2.7230 2.0000 -4.1348 -3.4314 -4.9703 4.0102 -1.4096 2.2131 -7.7380 1.1080 -5.5387 -0.9211 4.6485 2.1936 -10.3228 -1.5169 -2.1208 1.1645 -12.4815 -9.4616 -9.6195 -2.8490 0.2083 0.2804 0.3305 0.4590 0.3570 0.2564 0.5135 0.2695 0.3318 0.2024 0.2289 0.4028 0.2200 0.2481 0.4007 0.4475 0.5194 0.2820 0.3660 6.3244 1.5843 4.3234 
10.0000 19.0000 2.6500 1.0000 3.0000 2 1.0000 1.0000 0.8640 2.0000 7.2717 1.0667 1.3872 -1.7112 9.9823 8.2915 8.6583 -1.4823 -5.7770 4.6472 2.5731 11.8749 -0.6377 4.9862 -3.1968 4.1529 4.0153 -0.2513 -4.4299 0.3425 0.3330 0.3330 0.3330 0.3330 0.3330 0.3330 0.3330 0.3330 0.3330 0.3330 0.3330 0.3330 0.3330 0.3330 0.3330 0.3330 0.3330 0.3330 0.3330 6.3270 1.7125 2.5979 
10.0000 20.0000 -2.6500 1.0000 8.0000 8 -1.0000 1.0000 2.5760 2.0000 -1.4360 -1.4291 -6.4221 2.3284 -0.6102 -0.2166 -13.0714 -5.5362 -8.1253 -4.8178 1.2541 -3.0499 -10.4790 -1.6817 3.1684 -8.4422 -1.1758 0.2267 7.6855 -2.4620 0.3330 0.3330 0.3330 0.3330 0.3330 0.3330 0.3330 0.3330 0.3330 0.3330 0.3330 0.3330 0.3330 0.3330 0.3330 0.3330 0.3330 0.3330 0.3330 6.3270 1.5193 4.1101 
10.0000 21.0000 -2.6500 1.0000 7.0000 8 -1.0000 1.0000 2.1410 2.0000 -2.1293 1.2289 -5.0855 -1.7239 -1.2159 -12.0025 -8.6114 0.1533 -3.9335 -1.6019 6.3444 7.4518 -6.9148 -2.7232 -5.2335 -3.6799 -10.5176 -4.2277 3.0399 0.1040 0.3330 0.3330 0.3330 0.3330 0.3330 0.3330 0.3330 0.3330 0.3330 0.3330 0.3330 0.3330 0.3330 0.3330 0.3330 0.3330 0.3330 0.3330 0.3330 6.3270 1.5185 3.6750 
10.0000 22.0000 2.6500 0.0000 10.0000 2 1.0000 1.0000 3.2600 2.0000 2.0685 7.0985 2.3212 9.6260 3.4930 -0.6326 -2.0796 8.0337 6.9226 2.8577 0.9422 -9.1942 4.1196 8.2926 10.8657 -1.3607 3.8033 -2.6805 -0.4694 -0.9415 0.4408 0.2508 0.3092 0.3994 0.4649 0.2797 0.3983 0.3013 0.2083 0.3691 0.2899 0.3538 0.2631 0.3359 0.4247 0.2784 0.3806 0.2187 0.3659 6.3329 1.4105 4.6777 
10.0000 23.0000 -2.3200 0.0000 6.0000 8 -1.0000 1.0000 1.6780 2.0000 -2.2302 -5.7648 -4.3473 -12.9659 1.6638 -0.6214 -6.4867 6.9155 3.2092 6.7409 -5.5313 -3.7938 -8.8990 -4.3824 -3.9050 -1.6478 -6.0998 -2.4476 3.2027 2.2785 0.4057 0.2565 0.2058 0.4122 0.2761 0.5328 0.4082 0.2558 0.2222 0.3040 0.2342 0.4062 0.2968 0.2603 0.2333 0.2930 0.5115 0.4399 0.3633 6.3176 1.5377 3.2290 
10.0000 24.0000 -1.9900 0.0000 6.0000 8 -1.0000 1.0000 1.9310 2.0000 -2.5704 -3.3623 3.9966 -1.8086 -12.0327 -7.7501 -2.7025 -3.1266 -4.9187 6.3248 3.5167 -0.3332 -3.8639 0.2487 -5.4070 -12.7088 2.2975 1.8905 2.1899 -1.2247 0.2846 0.2058 0.2619 0.3633 0.4707 0.4117 0.2464 0.4009 0.2574 0.5065 0.4060 0.2601 0.5173 0.2593 0.3999 0.2402 0.3051 0.2434 0.2877 6.3280 1.4073 3.3479 
10.0000 25.0000 1.6600 1.0000 5.0000 2 1.0000 1.0000 1.5920 2.0000 0.4975 -4.9668 3.3976 16.0398 -1.4963 2.5724 4.5962 2.8537 -2.8187 0.1788 2.0017 -6.8759 6.4626 -1.3999 0.4523 5.5474 2.9529 -0.1068 -1.6922 6.4348 0.3330 0.3330 0.3330 0.3330 0.3330 0.3330 0.3330 0.3330 0.3330 0.3330 0.3330 0.3330 0.3330 0.3330 0.3330 0.3330 0.3330 0.3330 0.3330 6.3270 1.5779 3.1766 
10.0000 26.0000 1.6600 0.0000 11.0000 2 1.0000 1.0000 3.4550 2.0000 4.7420 -7.3631 -1.9319 5.0939 0.7411 -2.9572 6.7351 4.5216 -4.1640 0.8003 -8.3257 5.8244 8.8544 8.2511 -1.6445 2.4649 0.7864 0.2265 3.0327 7.5165 0.2938 0.2685 0.5310 0.3829 0.2451 0.2865 0.3194 0.2067 0.3668 0.4696 0.3425 0.2321 0.3066 0.2772 0.5057 0.2238 0.3654 0.2951 0.3995 6.3184 1.4030 4.8562 
10.0000 27.0000 -1.3300 0.0000 9.0000 2 1.0000 0.0000 3.0220 3.0000 -0.5871 0.7181 -4.0518 1.1212 3.8217 -1.7016 3.8405 8.1849 4.6441 -5.7323 1.9355 -12.5556 -3.6576 -3.3604 -1.1409 -10.6380 3.1363 -1.0816 -2.7615 -5.7730 0.3840 0.4419 0.2705 0.4189 0.3361 0.2261 0.3252 0.5179 0.4536 0.2492 0.2038 0.2598 0.2953 0.3207 0.2575 0.3423 0.4114 0.3216 0.2958 6.3318 1.4386 4.4555 
10.0000 28.0000 2.3200 0.0000 13.0000 2 1.0000 1.0000 3.8860 4.0000 0.5258 3.3755 1.0473 0.5800 9.5358 2.9880 2.7030 -1.4216 -0.6937 8.4003 1.3713 15.3722 -5.7180 4.5622 2.2817 2.9713 -3.7042 -4.9161 2.7680 6.3199 0.2208 0.3947 0.2317 0.3597 0.4924 0.2733 0.4133 0.2542 0.3102 0.4297 0.2631 0.2364 0.2659 0.3002 0.4732 0.2202 0.2980 0.3765 0.5104 6.3236 1.4334 5.3197 
10.0000 29.0000 -1.9900 1.0000 10.0000 8 -1.0000 1.0000 3.2300 4.0000 2.0212 7.6595 5.7959 1.9325 -6.1151 -7.9250 5.8470 -7.3601 -4.2716 2.9900 -4.1756 -6.7467 -2.1868 -6.2904 -1.0552 -9.3470 0.8815 -3.5519 -4.9795 -3.5496 0.3330 0.3330 0.3330 0.3330 0.3330 0.3330 0.3330 0.3330 0.3330 0.3330 0.3330 0.3330 0.3330 0.3330 0.3330 0.3330 0.3330 0.3330 0.3330 6.3270 1.6239 4.8647 
10.0000 30.0000 -1.9900 0.0000 6.0000 8 -1.0000 1.0000 1.6160 4.0000 -5.0648 -11.4370 -3.2541 -6.7783 -3.4225 5.0409 -5.6846 -4.1144 4.4305 -2.6316 -4.2409 -1.6492 -11.2713 5.8538 3.1711 -0.6738 4.0663 0.3019 0.3757 -3.3695 0.2439 0.2944 0.4216 0.2986 0.3278 0.2427 0.5236 0.2142 0.4826 0.4423 0.3311 0.4811 0.3761 0.3214 0.2865 0.2546 0.2855 0.2146 0.2861 6.3285 1.4257 3.0502 
10.0000 31.0000 -1.6600 1.0000 10.0000 8 -1.0000 1.0000 3.3010 4.0000 -2.4179 5.3069 -4.7496 -8.6624 -2.4526 -2.4644 -3.0713 -1.9608 6.0801 2.7585 -10.6089 0.8073 -0.9193 -8.9483 -3.7694 -1.7507 0.2401 2.2977 -5.3298 7.9302 0.3330 0.3330 0.3330 0.3330 0.3330 0.3330 0.3330 0.3330 0.3330 0.3330 0.3330 0.3330 0.3330 0.3330 0.3330 0.3330 0.3330 0.3330 0.3330 6.3270 1.6317 4.9521 
10.0000 32.0000 -1.6600 1.0000 9.0000 8 -1.0000 1.0000 2.8640 4.0000 1.6228 4.1284 -6.2121 7.8786 -0.4251 -8.0474 -8.0002 -5.7649 -2.0410 -8.2293 4.7174 2.2620 -0.1447 -2.5609 -0.3560 0.5401 -0.7870 -4.4858 -11.0943 1.8855 0.3330 0.3330 0.3330 0.3330 0.3330 0.3330 0.3330 0.3330 0.3330 0.3330 0.3330 0.3330 0.3330 0.3330 0.3330 0.3330 0.3330 0.3330 0.3330 6.3270 1.5869 4.4652 
10.0000 33.0000 1.6600 0.0000 8.0000 8 -1.0000 0.0000 2.6040 5.0000 2.7867 9.4410 -4.4964 7.2738 0.7962 -1.2927 7.0034 -0.8341 0.7804 -0.9728 -3.6329 -6.9599 2.8850 2.4527 3.2833 5.1661 -5.3011 13.3526 2.6091 -0.1397 0.2478 0.3611 0.4271 0.3611 0.2257 0.3076 0.3861 0.5118 0.3738 0.4008 0.2310 0.2012 0.3840 0.2155 0.3804 0.2252 0.2705 0.3176 0.5078 6.3361 1.6878 4.3046 
10.0000 34.0000 -2.6500 0.0000 12.0000 8 -1.0000 1.0000 3.6610 6.0000 -5.0935 -4.0316 -3.1040 -1.2040 -2.2585 -5.0882 3.3900 2.0219 1.9207 3.4611 -13.9299 -2.2043 2.6626 -11.7665 -3.3838 -3.1028 -8.8768 -5.3178 3.0167 1.8003 0.2234 0.3935 0.4762 0.2780 0.2039 0.2561 0.3244 0.2637 0.4369 0.2094 0.3709 0.2578 0.4044 0.2476 0.4453 0.3628 0.4137 0.3309 0.4342 6.3330 1.6476 5.3120 
10.0000 35.0000 -2.3200 1.0000 12.0000 8 -1.0000 1.0000 3.8190 6.0000 -2.0826 -6.4641 -4.7217 2.4925 -3.1796 1.4918 7.2326 3.2781 6.0574 -3.8125 -3.2801 -4.8596 0.6601 -1.7057 -8.3260 -6.1705 -3.6339 0.8084 -7.1181 -12.7341 0.3330 0.3330 0.3330 0.3330 0.3330 0.3330 0.3330 0.3330 0.3330 0.3330 0.3330 0.3330 0.3330 0.3330 0.3330 0.3330 0.3330 0.3330 0.3330 6.3270 1.4259 5.2525 
10.0000 36.0000 2.3200 1.0000 9.0000 8 -1.0000 0.0000 2.7910 6.0000 2.9405 -5.6891 2.4366 -4.6666 2.3949 -4.2668 9.4052 1.5672 6.4404 10.6678 4.5520 4.5949 -5.4808 -0.3396 0.9398 5.8957 1.4769 10.4773 -2.7743 5.6985 0.3330 0.3330 0.3330 0.3330 0.3330 0.3330 0.3330 0.3330 0.3330 0.3330 0.3330 0.3330 0.3330 0.3330 0.3330 0.3330 0.3330 0.3330 0.3330 6.3270 1.6210 4.4086 
10.0000 37.0000 -2.3200 1.0000 9.0000 8 -1.0000 1.0000 2.9360 6.0000 -4.9602 -10.8077 3.2346 2.9669 -4.4285 5.1308 -4.7884 -10.6728 -6.1515 -0.7612 -5.9587 1.8304 -2.9272 -10.7235 -0.1648 -3.9577 0.7166 -0.7542 2.6675 4.1325 0.3330 0.3330 0.3330 0.3330 0.3330 0.3330 0.3330 0.3330 0.3330 0.3330 0.3330 0.3330 0.3330 0.3330 0.3330 0.3330 0.3330 0.3330 0.3330 6.3270 1.5890 4.5204 
10.0000 38.0000 2.3200 0.0000 11.0000 2 1.0000 1.0000 3.4090 6.0000 1.6818 3.6992 4.2397 -6.2846 7.5215 4.2805 -3.8037 -8.4935 10.4088 2.5458 4.1813 10.3956 1.5791 -0.0153 2.4442 7.1717 0.2277 -1.1145 6.0214 0.0164 0.4670 0.2499 0.2189 0.2859 0.4260 0.2140 0.3980 0.2059 0.4572 0.2958 0.4392 0.3803 0.2219 0.3300 0.3867 0.2456 0.4055 0.3063 0.3989 6.3327 1.4875 4.9095 
10.0000 39.0000 1.9900 0.0000 19.0000 2 1.0000 1.0000 6.3020 6.0000 1.5814 3.2457 5.4500 5.5027 -0.3165 1.2252 -4.3651 -1.4780 6.4099 -1.0708 0.8278 -2.9726 3.5758 9.0818 8.9009 -4.9141 11.5079 -5.1399 5.5477 -2.6684 0.4591 0.3568 0.2780 0.4088 0.2596 0.4318 0.2280 0.4855 0.2114 0.3597 0.2858 0.3202 0.2044 0.2355 0.2637 0.3733 0.4634 0.5041 0.2025 6.3315 1.6668 7.9867 
10.0000 40.0000 -1.6600 0.0000 10.0000 8 -1.0000 1.0000 3.3180 6.0000 -1.1963 5.2396 -1.1854 -0.9398 0.1482 0.1714 -9.2151 4.3596 -0.1665 -7.1742 0.0673 3.6065 -3.2673 -7.0004 5.8426 -1.8934 -13.9014 0.6125 -1.7817 -7.5049 0.2883 0.2025 0.3121 0.2189 0.3043 0.4826 0.5221 0.3628 0.3992 0.3699 0.4111 0.3113 0.3983 0.2411 0.3734 0.2479 0.2213 0.4548 0.2079 6.3297 1.5529 4.8858 
10.0000 41.0000 1.3300 1.0000 15.0000 2 1.0000 1.0000 4.8970 6.0000 0.4388 10.5677 -3.3104 2.4576 -1.5796 -2.1900 7.4789 -1.2757 3.7072 -8.4943 -5.1081 2.8572 7.5700 -1.8220 3.0062 4.8850 3.0967 -5.2696 7.8388 1.4425 0.3330 0.3330 0.3330 0.3330 0.3330 0.3330 0.3330 0.3330 0.3330 0.3330 0.3330 0.3330 0.3330 0.3330 0.3330 0.3330 0.3330 0.3330 0.3330 6.3270 1.7072 6.6140 
10.0000 42.0000 1.3300 0.0000 13.0000 2 1.0000 1.0000 4.2410 6.0000 -2.3588 4.0095 2.2959 -4.3146 1.6784 -2.7836 1.8985 9.0864 2.2621 4.0921 12.4988 -0.0939 -3.2959 6.7036 4.5614 -0.9359 -3.0174 -10.1940 1.9380 3.1277 0.2383 0.2635 0.3333 0.4895 0.4595 0.2594 0.4802 0.3532 0.3215 0.2092 0.3457 0.2380 0.4278 0.2619 0.2125 0.3625 0.2755 0.4702 0.3198 6.3214 1.5319 5.7748 
10.0000 43.0000 -1.0000 0.0000 7.0000 8 -1.0000 1.0000 1.8960 6.0000 -3.3813 -7.1910 -8.3748 -0.9789 -2.8608 -3.4243 3.0051 -5.1238 3.6483 1.7609 -7.8675 2.2213 -3.2983 -4.9984 8.0959 3.1128 4.0311 5.5583 -6.6860 3.8213 0.2067 0.4020 0.2327 0.3397 0.2249 0.2797 0.2546 0.4112 0.3090 0.4582 0.2840 0.2257 0.5179 0.3710 0.3139 0.4743 0.2486 0.4537 0.3162 6.3239 1.5198 3.4132 
10.0000 44.0000 -0.6700 0.0000 20.0000 2 1.0000 0.0000 6.6010 7.0000 -0.6855 6.1514 0.6967 -5.9328 -4.7737 -0.2736 0.1487 -3.7577 5.4212 -9.2472 -5.3290 -3.7246 2.4339 -3.6335 -1.4667 2.7602 9.8087 -1.0312 5.5317 -7.0949 0.4030 0.2892 0.3901 0.4442 0.3575 0.3886 0.3410 0.2724 0.3883 0.2741 0.2340 0.2866 0.3536 0.2697 0.3052 0.5079 0.3244 0.2158 0.2777 6.3230 1.5495 8.1516 
10.0000 45.0000 1.6600 1.0000 12.0000 2 1.0000 1.0000 3.7800 7.0000 5.2847 2.3437 6.7003 3.7850 3.0088 0.8980 3.5957 8.2288 -5.2310 -7.8760 7.1251 4.4580 5.4113 7.7667 1.9921 -6.8064 -2.7487 -1.0692 -6.4218 1.0268 0.3330 0.3330 0.3330 0.3330 0.3330 0.3330 0.3330 0.3330 0.3330 0.3330 0.3330 0.3330 0.3330 0.3330 0.3330 0.3330 0.3330 0.3330 0.3330 6.3270 1.5601 5.3477 
10.0000 46.0000 -1.6600 1.0000 6.0000 8 -1.0000 1.0000 1.8710 7.0000 -4.2614 -6.6057 0.0069 3.6745 -3.1596 -1.3000 2.5054 -7.9942 -1.0775 -13.1265 -3.8723 5.5076 3.5756 -6.0905 1.9844 -7.3335 1.8028 2.5082 4.0730 -5.7500 0.3330 0.3330 0.3330 0.3330 0.3330 0.3330 0.3330 0.3330 0.3330 0.3330 0.3330 0.3330 0.3330 0.3330 0.3330 0.3330 0.3330 0.3330 0.3330 6.3270 1.4473 3.3381 
10.0000 47.0000 1.6600 0.0000 13.0000 2 1.0000 1.0000 3.9790 8.0000 6.1406 1.0674 7.0201 -0.2861 -5.3623 0.6675 5.2857 8.8387 -4.0294 -0.3497 11.7739 0.9963 -7.5380 -0.6188 0.3025 -4.5798 0.8131 3.1748 0.8395 8.5609 0.2839 0.3460 0.2811 0.2418 0.3481 0.3086 0.4134 0.3602 0.2009 0.5267 0.2743 0.2244 0.4513 0.2083 0.3118 0.2352 0.4501 0.4807 0.3847 6.3314 1.4570 5.4460 
10.0000 48.0000 1.3300 1.0000 5.0000 8 -1.0000 0.0000 1.4110 8.0000 -1.7604 -5.7158 -2.2462 -0.1072 2.4628 9.3242 -5.2585 7.2186 3.9383 5.2082 -0.6894 6.3301 -5.1124 12.3760 -2.1615 -3.2284 -0.3673 -0.7662 3.8210 2.3087 0.3330 0.3330 0.3330 0.3330 0.3330 0.3330 0.3330 0.3330 0.3330 0.3330 0.3330 0.3330 0.3330 0.3330 0.3330 0.3330 0.3330 0.3330 0.3330 6.3270 1.4712 2.8953 
10.0000 49.0000 -1.3300 1.0000 8.0000 8 -1.0000 1.0000 2.5610 8.0000 -1.9025 3.1784 1.9541 1.3700 -9.9419 0.0920 -10.5351 -2.7466 7.5609 -2.0033 2.2574 0.1398 -0.2278 4.4463 -2.2780 -2.0143 2.7098 -11.5154 -7.3263 -1.0676 0.3330 0.3330 0.3330 0.3330 0.3330 0.3330 0.3330 0.3330 0.3330 0.3330 0.3330 0.3330 0.3330 0.3330 0.3330 0.3330 0.3330 0.3330 0.3330 6.3270 1.4201 3.9953 
10.0000 50.0000 1.3300 1.0000 11.0000 2 1.0000 1.0000 3.4870 8.0000 1.2630 7.1472 -4.1667 -2.0193 5.8314 2.3849 -4.7805 6.0305 -1.2928 9.0334 4.9676 -2.0414 -8.0818 4.2768 -1.3022 0.6426 9.3878 -0.1354 5.2670 -5.0017 0.3330 0.3330 0.3330 0.3330 0.3330 0.3330 0.3330 0.3330 0.3330 0.3330 0.3330 0.3330 0.3330 0.3330 0.3330 0.3330 0.3330 0.3330 0.3330 6.3270 1.5025 5.0046 
10.0000 51.0000 1.3300 0.0000 7.0000 2 1.0000 1.0000 2.2250 8.0000 0.3921 -0.8666 -3.6294 2.0771 10.3529 8.6267 5.3446 4.3351 2.0851 -0.5018 1.3147 -2.4304 0.7695 1.8719 -8.2235 -4.8393 2.0016 -0.7841 -1.2805 11.9106 0.2270 0.3456 0.2193 0.4758 0.4391 0.4079 0.2036 0.4082 0.4747 0.2621 0.4502 0.2287 0.2551 0.3205 0.3882 0.3523 0.2308 0.3761 0.2654 6.3306 1.5472 3.7753 
10.0000 52.0000 1.0000 1.0000 9.0000 8 -1.0000 0.0000 2.9370 8.0000 2.0878 7.5914 6.3604 2.9159 3.8405 -4.6940 -12.5969 -2.5632 5.1947 3.2119 7.9737 1.6637 -4.4378 3.6503 -3.1132 -1.4982 3.9280 -0.6246 -1.2928 3.6433 0.3330 0.3330 0.3330 0.3330 0.3330 0.3330 0.3330 0.3330 0.3330 0.3330 0.3330 0.3330 0.3330 0.3330 0.3330 0.3330 0.3330 0.3330 0.3330 6.3270 1.6827 4.6216 
10.0000 53.0000 1.0000 0.0000 7.0000 8 -1.0000 0.0000 2.5720 9.0000 0.6355 3.1787 -8.6801 8.6353 6.4619 -1.4083 3.7603 -0.4730 4.7975 7.2963 -1.6599 -0.2667 1.3523 -3.1556 3.7400 -8.5108 6.0342 5.5727 -6.0051 -0.0660 0.3492 0.4714 0.3457 0.4584 0.3183 0.3766 0.4248 0.2118 0.2513 0.2215 0.5049 0.2084 0.4575 0.2990 0.2507 0.3973 0.2038 0.2350 0.3457 6.3314 1.5178 4.0894 
10.0000 54.0000 -1.9900 1.0000 20.0000 8 -1.0000 1.0000 6.6070 9.0000 -4.5345 5.2407 -0.5885 -8.9449 3.5990 -3.9121 -5.6177 0.1081 10.3515 -0.4250 -1.6862 -2.3684 -4.7938 -3.2818 -3.8354 -2.1959 -2.3979 -10.6933 -7.5684 2.5390 0.3330 0.3330 0.3330 0.3330 0.3330 0.3330 0.3330 0.3330 0.3330 0.3330 0.3330 0.3330 0.3330 0.3330 0.3330 0.3330 0.3330 0.3330 0.3330 6.3270 1.4898 8.1079 
10.0000 55.0000 -1.9900 1.0000 10.0000 8 -1.0000 1.0000 3.1820 9.0000 -1.3044 -0.3038 -0.5690 -2.2563 -3.9467 -4.0427 -4.3537 6.8521 8.3385 1.0240 -6.8342 -6.4391 -4.3224 -7.2343 -0.2678 6.1328 -11.4786 -5.2723 0.6529 -2.7049 0.3330 0.3330 0.3330 0.3330 0.3330 0.3330 0.3330 0.3330 0.3330 0.3330 0.3330 0.3330 0.3330 0.3330 0.3330 0.3330 0.3330 0.3330 0.3330 6.3270 1.5946 4.7998 
10.0000 56.0000 1.9900 1.0000 8.0000 2 1.0000 1.0000 2.4850 9.0000 3.2874 -0.8513 -4.0258 11.1021 -1.7833 -0.2394 3.1928 4.6314 -7.1909 8.0336 -2.6655 -0.5807 4.0312 8.1585 -6.7700 6.7043 2.8073 1.0387 4.0474 4.8883 0.3330 0.3330 0.3330 0.3330 0.3330 0.3330 0.3330 0.3330 0.3330 0.3330 0.3330 0.3330 0.3330 0.3330 0.3330 0.3330 0.3330 0.3330 0.3330 6.3270 1.4826 3.9856 
10.0000 57.0000 1.9900 0.0000 9.0000 2 1.0000 1.0000 3.1940 10.0000 2.2370 -2.9515 -3.5333 13.6356 1.2763 1.7907 4.9051 10.8272 -2.0333 5.7469 8.0015 -1.0525 4.1986 -5.4330 3.6341 -4.8859 3.1759 -0.6797 0.3774 1.1842 0.3944 0.4314 0.3533 0.2429 0.4297 0.5089 0.4635 0.3540 0.2341 0.3662 0.2893 0.2040 0.2365 0.3457 0.2410 0.3518 0.2618 0.2117 0.4086 6.3287 1.7235 4.9277 
