subNo index mean periodicity nEvents pressedKey answer isCorrect rt reversal s1 s2 s3 s4 s5 s6 s7 s8 s9 s10 s11 s12 s13 s14 s15 s16 s17 s18 s19 s20 t1 t2 t3 t4 t5 t6 t7 t8 t9 t10 t11 t12 t13 t14 t15 t16 t17 t18 t19 seqDuration startInterval trialDuration 
5.0000 1.0000 -9.0000 1.0000 6.0000 2 -1.0000 1.0000 1.7410 0.0000 -12.1359 -11.2976 -8.3193 -6.2982 -18.4144 -16.4082 -7.3205 -8.5735 -2.9623 -10.4415 -3.4011 -11.8088 -17.4588 -8.8898 -6.4736 -10.8027 2.4053 -7.9609 -7.6844 -4.8922 0.3330 0.3330 0.3330 0.3330 0.3330 0.3330 0.3330 0.3330 0.3330 0.3330 0.3330 0.3330 0.3330 0.3330 0.3330 0.3330 0.3330 0.3330 0.3330 6.3270 1.5038 3.2422 
5.0000 2.0000 -9.0000 0.0000 11.0000 2 -1.0000 1.0000 3.5130 0.0000 -6.0918 -18.4013 -7.1072 -10.6817 -11.5370 -9.0843 -4.6499 -11.3615 -6.3765 -9.6726 -12.2070 -7.4303 -12.0715 -11.8321 -7.8453 4.9707 -8.4839 -7.9982 -18.0383 -4.7355 0.2286 0.3686 0.4696 0.3873 0.3550 0.3117 0.2088 0.3893 0.2200 0.4685 0.2249 0.2724 0.2301 0.2010 0.4349 0.2922 0.4676 0.3168 0.4828 6.3301 1.6520 5.1640 
5.0000 3.0000 -9.0000 1.0000 15.0000 2 -1.0000 1.0000 4.7070 0.0000 -10.8744 -7.7291 -10.9766 -3.7429 -14.4262 -15.0288 -6.1527 -6.0095 -13.7009 -0.5507 -12.4606 -11.8962 -13.8264 -10.7588 -4.1579 -9.8828 -7.9871 -4.0939 -15.6902 1.7668 0.3330 0.3330 0.3330 0.3330 0.3330 0.3330 0.3330 0.3330 0.3330 0.3330 0.3330 0.3330 0.3330 0.3330 0.3330 0.3330 0.3330 0.3330 0.3330 6.3270 1.6594 6.3911 
5.0000 4.0000 -9.0000 0.0000 16.0000 8 1.0000 0.0000 5.2490 0.0000 -10.7468 -11.5869 -20.6631 -4.5077 -9.6600 -11.1452 2.7457 -11.2680 -7.0429 -13.8751 -6.9972 -3.9424 -11.9260 -8.1630 -10.2240 -10.8466 -6.3822 -14.2224 -5.4941 -3.3851 0.2694 0.4894 0.3209 0.4359 0.2557 0.4290 0.2053 0.3246 0.3724 0.2045 0.2665 0.4107 0.3328 0.2843 0.3299 0.4375 0.3791 0.3091 0.2632 6.3202 1.4585 6.7166 
5.0000 5.0000 -9.0000 1.0000 11.0000 8 1.0000 0.0000 3.4840 0.0000 -5.7128 -11.2548 -5.0929 -8.7300 -7.6941 -9.8742 -2.7851 -16.3815 -6.8199 -11.9536 -7.0618 -1.4971 -15.6571 -15.9793 -15.6378 -15.6350 -9.7419 -1.3486 -1.7342 -8.9529 0.3330 0.3330 0.3330 0.3330 0.3330 0.3330 0.3330 0.3330 0.3330 0.3330 0.3330 0.3330 0.3330 0.3330 0.3330 0.3330 0.3330 0.3330 0.3330 6.3270 1.7079 5.2015 
5.0000 6.0000 9.0000 1.0000 7.0000 8 1.0000 1.0000 2.2900 0.0000 8.9845 6.3155 11.2607 17.1245 8.0305 13.0732 7.3576 1.9924 14.7776 3.1770 9.3248 6.6317 14.5262 -2.1054 17.1240 9.3991 5.2691 7.9094 7.3534 11.2033 0.3330 0.3330 0.3330 0.3330 0.3330 0.3330 0.3330 0.3330 0.3330 0.3330 0.3330 0.3330 0.3330 0.3330 0.3330 0.3330 0.3330 0.3330 0.3330 6.3270 1.5217 3.8238 
5.0000 7.0000 -9.0000 0.0000 8.0000 2 -1.0000 1.0000 2.3940 1.0000 -12.2941 -8.4547 -9.5833 -5.0944 -15.5730 -6.7218 -16.7302 -9.5480 -17.1628 -12.1600 -4.5116 -2.6980 -3.6652 -10.8551 -8.6651 -0.5477 -4.3663 -13.2451 -12.7451 -3.5723 0.4404 0.3199 0.2525 0.3117 0.3482 0.2332 0.3723 0.2664 0.3946 0.2371 0.3729 0.2561 0.3226 0.4192 0.2559 0.4265 0.4564 0.2996 0.3382 6.3238 1.4113 3.8112 
5.0000 8.0000 8.6700 1.0000 6.0000 8 1.0000 1.0000 1.8800 1.0000 8.3211 3.6046 12.3753 4.9983 3.7709 5.9382 10.8112 11.0982 8.4173 5.7980 6.7740 9.4902 -3.0111 7.7386 7.9403 18.6722 14.2654 5.4589 16.9795 13.1188 0.3330 0.3330 0.3330 0.3330 0.3330 0.3330 0.3330 0.3330 0.3330 0.3330 0.3330 0.3330 0.3330 0.3330 0.3330 0.3330 0.3330 0.3330 0.3330 6.3270 1.5219 3.4144 
5.0000 9.0000 -8.6700 0.0000 11.0000 2 -1.0000 1.0000 3.2470 1.0000 -13.0804 -1.7100 -9.4932 -5.0044 -9.7041 0.8331 -16.7012 -8.0903 -6.6995 -12.8662 -5.8967 -16.5401 -9.0058 -11.1064 -6.7598 -10.0725 -9.7192 0.7665 -14.5677 -7.9697 0.3099 0.2531 0.2852 0.3740 0.4981 0.4365 0.3195 0.2407 0.2919 0.2358 0.2810 0.2205 0.4252 0.4931 0.3908 0.4296 0.2181 0.3924 0.2236 6.3190 1.7223 4.9815 
5.0000 10.0000 8.3400 1.0000 6.0000 8 1.0000 1.0000 1.8380 1.0000 8.1332 -3.4093 11.3018 14.8252 4.6941 5.7313 7.8173 11.4071 9.3851 7.7509 0.2586 8.5245 8.4836 9.6016 4.8769 17.0728 4.9245 16.5567 9.7838 8.9637 0.3330 0.3330 0.3330 0.3330 0.3330 0.3330 0.3330 0.3330 0.3330 0.3330 0.3330 0.3330 0.3330 0.3330 0.3330 0.3330 0.3330 0.3330 0.3330 6.3270 1.5206 3.3551 
5.0000 11.0000 8.3400 0.0000 7.0000 8 1.0000 1.0000 2.2870 1.0000 7.7957 6.3683 7.7804 4.9595 2.4283 11.8676 10.7198 9.7663 7.8481 9.1997 -4.2011 11.4458 2.2558 12.4132 10.3836 0.9899 17.2702 13.9816 13.8925 7.9280 0.2051 0.4912 0.4626 0.2385 0.3495 0.2060 0.4181 0.2000 0.4492 0.3087 0.4242 0.2442 0.3059 0.2135 0.4881 0.2969 0.3635 0.4080 0.2487 6.3219 1.4267 3.7209 
5.0000 12.0000 -8.0100 1.0000 3.0000 2 -1.0000 1.0000 0.8330 1.0000 -7.3227 -16.4921 -11.5034 -9.8120 -6.1931 -0.7998 -9.6109 -12.2342 -13.7796 -9.0502 -6.8235 2.3377 -4.9440 -5.2398 0.5120 -15.5034 -11.2102 -11.3126 -4.9270 -6.7001 0.3330 0.3330 0.3330 0.3330 0.3330 0.3330 0.3330 0.3330 0.3330 0.3330 0.3330 0.3330 0.3330 0.3330 0.3330 0.3330 0.3330 0.3330 0.3330 6.3270 1.6815 2.5168 
5.0000 13.0000 -8.0100 0.0000 9.0000 2 -1.0000 1.0000 2.8230 1.0000 -7.8926 -8.5321 -6.9543 0.0460 -5.1942 -13.2533 -16.4801 -14.4691 -15.0988 -6.7991 -10.9108 -13.0366 -7.2001 -2.0207 -5.2004 -12.2489 -0.5257 -0.4213 -8.1720 -5.8710 0.4060 0.2500 0.3837 0.4910 0.3648 0.2510 0.3227 0.2925 0.2385 0.3379 0.4395 0.3700 0.3437 0.2127 0.4304 0.3512 0.2136 0.3843 0.2468 6.3305 1.4766 4.3240 
5.0000 14.0000 7.6800 0.0000 3.0000 8 1.0000 1.0000 0.8800 1.0000 6.9238 8.6172 10.0896 7.2747 3.4812 1.5250 7.5805 3.3399 8.1909 10.7924 6.0859 10.9069 3.2058 11.0214 15.4109 8.9627 18.1330 11.1650 -3.1045 2.1284 0.2940 0.4953 0.2446 0.4182 0.4826 0.4294 0.3481 0.2263 0.2694 0.3205 0.3761 0.2345 0.3076 0.4627 0.2631 0.2248 0.3106 0.4115 0.2025 6.3217 1.4859 2.3802 
5.0000 15.0000 7.3500 0.0000 8.0000 8 1.0000 1.0000 2.3500 1.0000 8.9553 0.5890 6.5777 15.1185 7.7196 10.5000 13.1822 12.2340 0.9529 9.7971 15.0613 4.5481 4.0214 -0.5142 11.6279 7.1844 2.5496 11.4058 0.3839 5.8826 0.5155 0.3140 0.2052 0.3152 0.2536 0.3169 0.2850 0.2013 0.3339 0.4678 0.3545 0.2594 0.4315 0.3481 0.3971 0.5067 0.3589 0.2019 0.2693 6.3357 1.4882 3.8503 
5.0000 16.0000 7.0200 1.0000 6.0000 8 1.0000 1.0000 1.9430 1.0000 6.0029 6.6371 1.8149 15.5627 7.3203 10.5297 4.9638 8.8751 4.5706 10.6458 10.3475 12.9024 -0.5451 6.4473 3.8059 7.2822 -1.6674 -1.5261 13.3881 12.3242 0.3330 0.3330 0.3330 0.3330 0.3330 0.3330 0.3330 0.3330 0.3330 0.3330 0.3330 0.3330 0.3330 0.3330 0.3330 0.3330 0.3330 0.3330 0.3330 6.3270 1.6571 3.6102 
5.0000 17.0000 -7.0200 0.0000 4.0000 2 -1.0000 1.0000 1.0470 1.0000 -7.7668 -2.9341 -8.9432 -8.0311 -8.8010 -5.1950 -15.7595 5.2467 -8.7503 -6.6792 -2.4788 -10.2558 -9.2712 -8.3157 -3.0461 -14.8030 -12.8500 -0.2561 -8.1570 -5.1925 0.2967 0.3668 0.2816 0.4957 0.2488 0.3213 0.4494 0.2989 0.2137 0.2458 0.4269 0.2709 0.3088 0.3484 0.2300 0.4243 0.4819 0.2226 0.3923 6.3247 1.5369 2.5974 
5.0000 18.0000 -6.6900 1.0000 6.0000 2 -1.0000 1.0000 1.8610 1.0000 -4.7216 -8.9911 -14.0777 -2.5570 -5.9050 -3.5556 1.7579 -1.0061 -3.1065 -3.8577 -5.7727 -12.2846 -10.1239 -8.5788 -1.7750 -7.3604 -15.7530 -1.2393 -7.2505 -15.7920 0.3330 0.3330 0.3330 0.3330 0.3330 0.3330 0.3330 0.3330 0.3330 0.3330 0.3330 0.3330 0.3330 0.3330 0.3330 0.3330 0.3330 0.3330 0.3330 6.3270 1.5539 3.4286 
5.0000 19.0000 -6.6900 1.0000 4.0000 2 -1.0000 1.0000 1.1540 1.0000 -7.4939 -10.0415 -11.4401 -4.6268 -6.2214 -5.9280 -8.0941 -2.9152 -1.5242 -10.0958 -7.7690 0.1116 9.0614 -6.5789 -7.8596 -8.2389 -10.5353 -12.4323 -11.1108 -8.2021 0.3330 0.3330 0.3330 0.3330 0.3330 0.3330 0.3330 0.3330 0.3330 0.3330 0.3330 0.3330 0.3330 0.3330 0.3330 0.3330 0.3330 0.3330 0.3330 6.3270 1.6950 2.8545 
5.0000 20.0000 6.6900 0.0000 6.0000 8 1.0000 1.0000 1.7030 1.0000 10.6876 5.4458 7.0910 10.7438 15.9264 14.1182 -5.8616 1.8522 -0.0428 9.0297 5.7080 5.2481 5.7312 6.4736 7.6035 6.8673 8.0329 0.0065 7.6305 10.3440 0.4124 0.2876 0.3420 0.2486 0.3567 0.3288 0.3668 0.4649 0.2465 0.3431 0.2714 0.4292 0.2273 0.4467 0.4150 0.2181 0.3870 0.3030 0.2399 6.3349 1.4647 3.1700 
5.0000 21.0000 6.3600 1.0000 7.0000 8 1.0000 1.0000 2.1370 1.0000 11.1637 5.6603 0.8487 4.8622 12.9506 4.5413 8.0497 3.5821 2.2224 10.1125 -5.9285 14.7193 -0.2408 12.4877 7.9859 7.3423 5.8866 8.0402 9.4780 2.7186 0.3330 0.3330 0.3330 0.3330 0.3330 0.3330 0.3330 0.3330 0.3330 0.3330 0.3330 0.3330 0.3330 0.3330 0.3330 0.3330 0.3330 0.3330 0.3330 6.3270 1.6635 3.8045 
5.0000 22.0000 6.3600 1.0000 7.0000 8 1.0000 1.0000 2.2200 1.0000 7.8140 3.1741 10.0015 8.0764 10.9529 5.4478 1.1722 13.2274 10.9711 7.0708 7.2713 9.4367 -4.2843 2.3370 7.0376 15.4137 -1.7670 8.9435 4.2455 1.8768 0.3330 0.3330 0.3330 0.3330 0.3330 0.3330 0.3330 0.3330 0.3330 0.3330 0.3330 0.3330 0.3330 0.3330 0.3330 0.3330 0.3330 0.3330 0.3330 6.3270 1.4389 3.6712 
5.0000 23.0000 6.3600 1.0000 3.0000 8 1.0000 1.0000 0.9490 1.0000 10.7916 12.7738 10.1578 -2.9220 8.0752 3.0359 11.8594 -4.5309 11.0277 1.0097 7.8387 10.0560 6.8592 1.2717 4.7621 8.0631 0.2573 7.1964 9.3439 10.1476 0.3330 0.3330 0.3330 0.3330 0.3330 0.3330 0.3330 0.3330 0.3330 0.3330 0.3330 0.3330 0.3330 0.3330 0.3330 0.3330 0.3330 0.3330 0.3330 6.3270 1.6197 2.5665 
5.0000 24.0000 -6.3600 0.0000 4.0000 2 -1.0000 1.0000 0.8850 1.0000 -5.3979 -9.2518 3.3570 -4.2657 -7.8629 -6.1984 -4.0342 -3.8755 -15.7415 -1.5312 -2.1623 -13.5905 -11.7924 -1.2777 -9.8227 -4.7260 -14.9455 -3.8011 -3.9468 -7.2682 0.2419 0.2841 0.2580 0.3022 0.4925 0.3021 0.4338 0.3060 0.3980 0.2016 0.2810 0.4007 0.4308 0.2522 0.4437 0.2558 0.3454 0.4600 0.2360 6.3258 1.5791 2.4686 
5.0000 25.0000 -6.0300 1.0000 14.0000 2 -1.0000 1.0000 4.5460 1.0000 -5.8597 -3.7737 -2.6914 -5.4690 -9.6913 -12.5116 -1.7879 3.2297 -4.2405 0.7313 -11.3228 -12.3598 1.3895 -5.2915 -13.8081 -4.0663 -6.0992 -8.6095 -12.7872 -7.5623 0.3330 0.3330 0.3330 0.3330 0.3330 0.3330 0.3330 0.3330 0.3330 0.3330 0.3330 0.3330 0.3330 0.3330 0.3330 0.3330 0.3330 0.3330 0.3330 6.3270 1.4152 5.9797 
5.0000 26.0000 -6.0300 0.0000 12.0000 2 -1.0000 1.0000 4.1090 1.0000 -8.6236 -7.7617 -4.8899 -0.5808 -10.6249 0.1697 -2.2120 -1.1707 -16.1175 -14.1699 2.7248 -4.1926 -5.6886 -9.4726 -0.6277 -10.1743 -4.3233 -5.6420 -6.5724 -9.1958 0.2118 0.2978 0.2038 0.4764 0.4343 0.3504 0.5286 0.2492 0.3316 0.5315 0.4430 0.3153 0.2109 0.3690 0.2842 0.4098 0.1999 0.2590 0.2281 6.3346 1.6253 5.7434 
5.0000 27.0000 5.7000 1.0000 4.0000 8 1.0000 1.0000 1.2390 1.0000 7.1656 11.0430 6.5959 13.5856 1.0641 2.2589 7.6899 2.7279 8.5501 10.8759 6.0124 8.0005 10.3065 -1.3534 -6.7995 0.6151 5.3600 11.1732 3.8969 4.3282 0.3330 0.3330 0.3330 0.3330 0.3330 0.3330 0.3330 0.3330 0.3330 0.3330 0.3330 0.3330 0.3330 0.3330 0.3330 0.3330 0.3330 0.3330 0.3330 6.3270 1.4338 2.6900 
5.0000 28.0000 5.7000 0.0000 5.0000 8 1.0000 1.0000 1.3660 1.0000 6.7693 5.8120 3.3268 11.5188 6.8886 -1.4364 2.4691 6.5776 15.7167 8.8431 2.9714 1.4294 1.5906 -2.6887 11.8243 4.2104 7.2889 5.0758 0.4825 13.6457 0.2726 0.2253 0.3260 0.4361 0.5156 0.3681 0.2334 0.5177 0.3025 0.2394 0.4547 0.2567 0.2158 0.4105 0.3831 0.3502 0.2633 0.3581 0.2028 6.3319 1.5994 2.9833 
5.0000 29.0000 5.3700 0.0000 4.0000 8 1.0000 1.0000 1.0550 1.0000 8.9639 10.6274 0.1405 2.8990 6.2252 8.5695 3.6765 -3.5005 3.8837 10.1103 4.4081 3.3051 5.9754 13.1295 10.2354 8.8115 -7.4848 3.0921 5.6034 8.9932 0.4607 0.3428 0.2374 0.3026 0.2162 0.3379 0.5196 0.3541 0.3135 0.2184 0.3011 0.2241 0.3688 0.4592 0.2326 0.2928 0.5023 0.3497 0.2849 6.3187 1.6288 2.6894 
5.0000 30.0000 -5.0400 1.0000 3.0000 2 -1.0000 1.0000 0.9890 1.0000 -4.5532 -4.1417 0.3793 -4.6146 -1.1396 -1.7603 -18.4849 -4.5872 -5.5120 -14.0654 -3.1594 -7.1427 -8.0626 -1.8649 -6.3244 0.2760 -4.6421 -4.8429 -10.0242 3.4661 0.3330 0.3330 0.3330 0.3330 0.3330 0.3330 0.3330 0.3330 0.3330 0.3330 0.3330 0.3330 0.3330 0.3330 0.3330 0.3330 0.3330 0.3330 0.3330 6.3270 1.4091 2.4060 
5.0000 31.0000 -5.0400 0.0000 14.0000 2 -1.0000 1.0000 4.6080 1.0000 -4.0596 1.4291 -7.1341 -6.8486 -5.1454 -9.8756 -7.8287 3.9040 0.6928 -7.9077 2.1011 -9.2016 -7.4925 -11.4401 1.0924 -3.6683 -6.8769 -2.9221 -14.5838 -4.1950 0.2761 0.4074 0.4588 0.2185 0.4730 0.2096 0.3528 0.2715 0.4345 0.2947 0.4572 0.2925 0.3796 0.2907 0.2246 0.3043 0.3315 0.2202 0.4380 6.3357 1.4134 6.0257 
5.0000 32.0000 4.7100 1.0000 3.0000 8 1.0000 1.0000 0.8120 1.0000 7.0940 9.9936 -3.9308 -1.5354 4.7088 -0.0823 3.7265 13.2113 9.1842 6.9609 -2.9604 3.1579 -3.9549 6.2420 5.8248 3.8102 7.5764 3.7088 10.0241 10.0985 0.3330 0.3330 0.3330 0.3330 0.3330 0.3330 0.3330 0.3330 0.3330 0.3330 0.3330 0.3330 0.3330 0.3330 0.3330 0.3330 0.3330 0.3330 0.3330 6.3270 1.4775 2.2957 
5.0000 33.0000 4.7100 1.0000 7.0000 8 1.0000 1.0000 2.0770 1.0000 1.6065 2.0715 -1.5137 8.7807 1.4514 5.9075 11.4462 4.0679 4.8147 0.3880 2.5027 2.8921 11.5062 10.3168 6.4811 -4.9446 10.2479 0.7072 2.6238 13.5010 0.3330 0.3330 0.3330 0.3330 0.3330 0.3330 0.3330 0.3330 0.3330 0.3330 0.3330 0.3330 0.3330 0.3330 0.3330 0.3330 0.3330 0.3330 0.3330 6.3270 1.4805 3.5609 
5.0000 34.0000 4.7100 0.0000 7.0000 8 1.0000 1.0000 1.9100 1.0000 9.0548 -3.9751 2.7879 3.5732 5.5735 7.0067 11.3842 5.8159 8.4205 10.1634 4.3886 6.3149 8.0385 8.3876 8.6751 -3.3345 3.3167 3.6674 2.5945 -7.7615 0.2800 0.2392 0.3162 0.4287 0.2887 0.2458 0.5182 0.3809 0.2326 0.4659 0.3703 0.2289 0.2546 0.2974 0.4862 0.3385 0.3890 0.3397 0.2358 6.3367 1.4242 3.3438 
5.0000 35.0000 4.3800 0.0000 4.0000 8 1.0000 1.0000 0.9990 1.0000 5.9772 12.5422 1.6941 3.8024 8.2993 5.6142 6.6878 -3.1555 -7.1759 7.1545 13.8046 5.1817 4.0044 2.4754 1.9778 -1.6333 2.5537 3.2414 7.5026 7.9307 0.4279 0.2364 0.2863 0.3627 0.2469 0.3642 0.2224 0.3493 0.4811 0.4517 0.3561 0.3937 0.2664 0.3680 0.2033 0.2828 0.2271 0.4766 0.3197 6.3225 1.5654 2.5660 
5.0000 36.0000 4.0500 1.0000 7.0000 8 1.0000 1.0000 2.2770 1.0000 5.1681 5.5203 2.5369 8.2596 12.0068 8.4544 -0.1926 -4.5038 6.8899 3.1654 2.9221 12.3904 3.5358 9.5495 2.1427 8.8017 -3.7598 -4.3252 0.2876 1.9395 0.3330 0.3330 0.3330 0.3330 0.3330 0.3330 0.3330 0.3330 0.3330 0.3330 0.3330 0.3330 0.3330 0.3330 0.3330 0.3330 0.3330 0.3330 0.3330 6.3270 1.4556 3.7441 
5.0000 37.0000 -4.0500 0.0000 11.0000 2 -1.0000 1.0000 3.4430 1.0000 -0.6004 -0.5840 -7.2373 -7.6294 -0.7653 4.0343 3.0685 -7.0323 -12.2641 -3.5445 -3.6383 1.8032 -5.5347 -15.9844 -4.6630 -2.4391 1.6434 -3.8766 -6.3719 -7.8995 0.3994 0.5310 0.4646 0.3276 0.2272 0.2843 0.2089 0.3075 0.4474 0.2163 0.2986 0.2168 0.2734 0.4472 0.2181 0.2627 0.5219 0.4272 0.2491 6.3295 1.4071 4.8598 
5.0000 38.0000 -3.7200 1.0000 7.0000 8 1.0000 0.0000 2.1140 1.0000 0.9077 5.4749 -10.1693 2.8811 1.3551 1.2593 -3.3015 -8.0867 2.3731 -9.3468 -4.4774 -12.2023 -4.1243 -5.9440 -5.5697 -9.7687 -3.6194 -0.8708 -7.8379 -4.2968 0.3330 0.3330 0.3330 0.3330 0.3330 0.3330 0.3330 0.3330 0.3330 0.3330 0.3330 0.3330 0.3330 0.3330 0.3330 0.3330 0.3330 0.3330 0.3330 6.3270 1.6666 3.7977 
5.0000 39.0000 3.7200 1.0000 9.0000 8 1.0000 1.0000 2.9670 1.0000 5.9614 3.5551 3.0915 13.2803 -0.9230 1.3985 4.4417 8.8177 3.2793 7.8792 -4.4548 4.3148 7.4885 5.9355 0.3066 -1.9979 -2.6057 6.1613 13.2079 -3.2661 0.3330 0.3330 0.3330 0.3330 0.3330 0.3330 0.3330 0.3330 0.3330 0.3330 0.3330 0.3330 0.3330 0.3330 0.3330 0.3330 0.3330 0.3330 0.3330 6.3270 1.6548 4.6348 
5.0000 40.0000 3.7200 0.0000 11.0000 8 1.0000 1.0000 3.3000 1.0000 5.3308 2.6749 3.1789 1.9137 -1.8969 4.3391 3.4380 15.1392 1.6694 2.2766 5.4350 -0.4219 -0.9947 7.9706 -0.2967 8.2822 -6.4261 12.8120 2.7208 8.3754 0.2961 0.2599 0.4251 0.3421 0.2051 0.4818 0.2589 0.4005 0.3256 0.2990 0.2651 0.4249 0.2508 0.3316 0.2247 0.3145 0.4372 0.3476 0.4426 6.3329 1.6460 4.9512 
5.0000 41.0000 -3.3900 1.0000 16.0000 8 1.0000 0.0000 5.0770 1.0000 -5.7113 -6.7320 3.1361 -4.5920 -1.8607 0.4009 -4.6929 1.6295 -4.7103 -4.5352 6.1813 -0.0682 0.6274 -6.7304 -5.7128 -16.3624 0.6186 -5.0863 -4.4792 -10.9114 0.3330 0.3330 0.3330 0.3330 0.3330 0.3330 0.3330 0.3330 0.3330 0.3330 0.3330 0.3330 0.3330 0.3330 0.3330 0.3330 0.3330 0.3330 0.3330 6.3270 1.5406 6.6277 
5.0000 42.0000 -3.3900 1.0000 12.0000 2 -1.0000 1.0000 3.8430 1.0000 -3.3273 -8.6569 0.7489 -5.7480 0.4260 -16.1856 1.9167 -3.6505 -5.9989 3.0194 -5.6266 -4.3678 -5.2809 -2.1958 0.4480 -0.8916 -6.1481 -3.9312 -9.4327 5.7307 0.3330 0.3330 0.3330 0.3330 0.3330 0.3330 0.3330 0.3330 0.3330 0.3330 0.3330 0.3330 0.3330 0.3330 0.3330 0.3330 0.3330 0.3330 0.3330 6.3270 1.6228 5.4771 
5.0000 43.0000 3.3900 1.0000 4.0000 8 1.0000 1.0000 1.0710 1.0000 2.3210 10.7940 2.1883 13.2738 -0.9469 6.2102 7.4188 -5.6902 5.4550 4.0465 1.8789 2.4571 -0.3249 9.0145 -6.4560 7.5009 2.9207 0.3358 1.6260 3.0667 0.3330 0.3330 0.3330 0.3330 0.3330 0.3330 0.3330 0.3330 0.3330 0.3330 0.3330 0.3330 0.3330 0.3330 0.3330 0.3330 0.3330 0.3330 0.3330 6.3270 1.5438 2.6218 
5.0000 44.0000 -3.3900 0.0000 9.0000 2 -1.0000 1.0000 3.1590 1.0000 -3.4852 -2.8458 0.7129 -0.2378 8.3319 -9.1652 -7.1072 0.0788 -4.9981 -2.9475 -1.8980 -3.7047 -0.8775 -1.4014 -2.1170 1.9149 -11.2876 -13.6850 -10.3062 -4.5418 0.4393 0.2202 0.3292 0.2094 0.4069 0.4965 0.3852 0.2441 0.4803 0.3151 0.2674 0.3755 0.4855 0.2690 0.3783 0.2279 0.2754 0.2361 0.2806 6.3220 1.6333 4.7927 
5.0000 45.0000 -3.0600 1.0000 14.0000 8 1.0000 0.0000 4.5530 1.0000 1.2021 -3.0497 -10.2226 3.9135 1.8608 -7.0609 1.6150 -9.4330 3.7920 0.8410 -0.2127 0.9194 -0.5497 -0.2892 -5.6521 -7.6798 -4.6557 -12.7412 -5.8785 -8.8475 0.3330 0.3330 0.3330 0.3330 0.3330 0.3330 0.3330 0.3330 0.3330 0.3330 0.3330 0.3330 0.3330 0.3330 0.3330 0.3330 0.3330 0.3330 0.3330 6.3270 1.5907 6.1367 
5.0000 46.0000 3.0600 0.0000 5.0000 8 1.0000 1.0000 1.2830 1.0000 6.1539 2.7561 5.4454 6.6334 3.2280 -0.5266 -3.1654 -5.3076 -5.2668 5.2855 2.3567 -1.8301 5.2709 13.3441 12.6298 3.7894 6.3804 1.8112 4.5772 -0.8454 0.4059 0.2362 0.3998 0.2380 0.2877 0.3953 0.3005 0.4190 0.4449 0.2045 0.2306 0.3909 0.3539 0.3004 0.2132 0.3739 0.4235 0.4755 0.2343 6.3281 1.4229 2.7170 
5.0000 47.0000 -2.7300 0.0000 6.0000 2 -1.0000 1.0000 1.6850 1.0000 -4.1944 -6.5080 -4.2097 -7.4484 -0.5049 1.7664 -7.8450 -6.5014 -5.2450 8.3727 -7.3663 -3.3612 -9.4052 -2.7097 1.9755 4.6347 6.2127 -3.2630 -1.1354 -6.6761 0.2102 0.3693 0.4145 0.2036 0.2814 0.3594 0.3271 0.2647 0.5247 0.3716 0.2191 0.3016 0.3833 0.3479 0.2624 0.2128 0.5157 0.2580 0.4903 6.3175 1.6346 3.3360 
5.0000 48.0000 2.4000 1.0000 9.0000 8 1.0000 1.0000 2.8860 1.0000 2.1280 3.3222 2.6514 12.2089 1.4430 -0.7494 -1.7303 3.4731 5.7064 7.0717 -2.6860 3.8787 12.0925 -1.5971 3.7939 -0.0528 2.5987 -9.4048 5.9385 -1.7719 0.3330 0.3330 0.3330 0.3330 0.3330 0.3330 0.3330 0.3330 0.3330 0.3330 0.3330 0.3330 0.3330 0.3330 0.3330 0.3330 0.3330 0.3330 0.3330 6.3270 1.6785 4.5704 
5.0000 49.0000 2.4000 1.0000 8.0000 8 1.0000 1.0000 2.5840 1.0000 -1.2165 5.0425 -7.5368 -7.0165 5.3367 7.8173 1.3889 2.1196 -2.9357 3.7049 -3.4596 1.2154 10.0662 5.2289 -0.7086 8.7868 3.6003 7.2113 7.4086 0.0518 0.3330 0.3330 0.3330 0.3330 0.3330 0.3330 0.3330 0.3330 0.3330 0.3330 0.3330 0.3330 0.3330 0.3330 0.3330 0.3330 0.3330 0.3330 0.3330 6.3270 1.6176 4.2177 
5.0000 50.0000 2.4000 1.0000 3.0000 8 1.0000 1.0000 0.8910 1.0000 4.8390 6.8925 4.8890 3.3942 -2.3172 -2.5731 0.3265 1.2542 -1.7317 -7.1481 7.1935 -2.2023 1.1515 0.3421 10.9525 0.5986 0.9652 14.2521 4.6029 2.1346 0.3330 0.3330 0.3330 0.3330 0.3330 0.3330 0.3330 0.3330 0.3330 0.3330 0.3330 0.3330 0.3330 0.3330 0.3330 0.3330 0.3330 0.3330 0.3330 6.3270 1.4464 2.3415 
5.0000 51.0000 -2.4000 0.0000 9.0000 8 1.0000 0.0000 2.9070 2.0000 0.1098 3.1670 6.1136 -9.2331 1.4973 2.4502 -6.8863 5.0808 -5.3028 -6.1829 1.4833 -10.6097 -6.9676 -9.9405 -1.0573 -6.6829 -3.2738 0.3649 -1.5433 -2.4253 0.4280 0.3968 0.2579 0.3707 0.4191 0.2577 0.2053 0.2578 0.3476 0.2479 0.2813 0.4724 0.3310 0.2762 0.4266 0.2429 0.2170 0.4120 0.4859 6.3343 1.4287 4.3409 
5.0000 52.0000 3.3900 0.0000 10.0000 8 1.0000 1.0000 3.1670 3.0000 3.4104 -1.5283 -3.5677 3.9492 -1.1038 5.9450 8.8214 -1.7277 1.0048 7.3159 4.5664 3.1554 3.2970 -8.8906 7.8755 12.2884 6.7542 2.2964 5.6449 8.7304 0.3894 0.3511 0.4144 0.3102 0.3425 0.2776 0.2300 0.4707 0.2330 0.3295 0.2266 0.2714 0.4608 0.2689 0.4927 0.2144 0.4247 0.3820 0.2364 6.3263 1.6862 4.8678 
5.0000 53.0000 -3.0600 1.0000 8.0000 2 -1.0000 1.0000 2.6320 3.0000 -0.4225 -4.2582 6.8590 -2.5471 -5.9923 -0.9059 2.4445 6.4158 -5.6831 -2.4277 0.0648 -7.7096 0.5206 -10.1696 -2.3646 -7.5789 -9.2929 -11.8650 -3.4530 -1.0004 0.3330 0.3330 0.3330 0.3330 0.3330 0.3330 0.3330 0.3330 0.3330 0.3330 0.3330 0.3330 0.3330 0.3330 0.3330 0.3330 0.3330 0.3330 0.3330 6.3270 1.4742 4.1159 
5.0000 54.0000 3.0600 1.0000 11.0000 8 1.0000 1.0000 3.4600 3.0000 -1.3951 6.0618 -4.4005 1.7176 4.9680 1.6175 2.9226 9.8777 12.1671 4.5073 -6.9507 -2.5396 5.2642 6.3586 8.0270 6.7870 3.3055 -3.4536 6.7427 0.8207 0.3330 0.3330 0.3330 0.3330 0.3330 0.3330 0.3330 0.3330 0.3330 0.3330 0.3330 0.3330 0.3330 0.3330 0.3330 0.3330 0.3330 0.3330 0.3330 6.3270 1.5500 5.0112 
5.0000 55.0000 -3.0600 0.0000 6.0000 2 -1.0000 1.0000 1.9300 3.0000 -1.4182 2.4592 -15.5968 -4.5758 -8.5960 0.6579 -7.3673 -1.0776 -1.8269 -5.6563 2.2304 -2.3764 2.5959 -0.2098 -10.2567 2.2309 -5.2130 1.5472 -2.7281 -7.7989 0.3398 0.2095 0.3562 0.3887 0.3061 0.3510 0.2610 0.2234 0.2603 0.5072 0.3346 0.2661 0.3191 0.2550 0.2106 0.5233 0.3707 0.4381 0.4028 6.3236 1.5085 3.4471 
5.0000 56.0000 -2.7300 0.0000 13.0000 2 -1.0000 1.0000 4.6310 3.0000 -7.0515 1.4571 -10.6934 -9.8082 0.7472 0.0829 1.2210 3.6989 -0.1750 -10.4625 0.0258 -7.0236 -2.9708 5.7124 1.4856 -10.1023 -0.1383 -4.2482 -2.4722 -2.2382 0.2532 0.2864 0.5224 0.4725 0.3895 0.3432 0.2328 0.2745 0.4960 0.3674 0.4673 0.2559 0.3199 0.2222 0.4411 0.2547 0.2129 0.3046 0.2035 6.3200 1.5821 6.2318 
5.0000 57.0000 -2.4000 0.0000 11.0000 8 1.0000 0.0000 3.4440 4.0000 -2.4713 -7.9692 -3.7961 -6.0260 -2.9827 0.9313 -2.2142 -8.8816 5.8325 -2.8207 -8.7736 -1.7544 3.4985 -2.2128 -0.6792 -7.2351 -8.8427 9.2188 3.4596 -4.9505 0.3914 0.2419 0.2164 0.3240 0.2052 0.2703 0.4880 0.2468 0.3378 0.2629 0.5127 0.2088 0.3050 0.5035 0.4747 0.2009 0.2927 0.4027 0.4442 6.3298 1.4673 4.9277 
5.0000 58.0000 -3.3900 1.0000 10.0000 2 -1.0000 1.0000 3.2080 4.0000 -1.9699 -5.3233 -2.2900 6.8861 -8.2763 2.9195 -5.0264 -6.1218 -10.3661 -8.4092 0.9205 -5.5112 -3.2944 -6.0744 -5.8421 -0.5883 7.5268 -3.2426 -5.8852 -8.9066 0.3330 0.3330 0.3330 0.3330 0.3330 0.3330 0.3330 0.3330 0.3330 0.3330 0.3330 0.3330 0.3330 0.3330 0.3330 0.3330 0.3330 0.3330 0.3330 6.3270 1.5016 4.7257 
5.0000 59.0000 -3.3900 1.0000 5.0000 2 -1.0000 1.0000 1.5860 4.0000 -1.4383 -3.0441 -8.1596 -13.9593 -11.0122 -7.0251 0.3443 0.0705 0.6210 1.1678 -10.2338 -7.9330 2.0369 1.3617 -0.7915 -1.8128 1.8278 0.8586 -9.0583 -1.0487 0.3330 0.3330 0.3330 0.3330 0.3330 0.3330 0.3330 0.3330 0.3330 0.3330 0.3330 0.3330 0.3330 0.3330 0.3330 0.3330 0.3330 0.3330 0.3330 6.3270 1.5797 3.1705 
5.0000 60.0000 3.3900 1.0000 6.0000 8 1.0000 1.0000 1.8680 4.0000 2.7099 5.0629 6.9801 7.6741 5.1461 2.4337 5.6988 3.9255 0.0365 13.0004 9.6105 3.0709 0.3015 5.8473 6.3921 2.0313 -3.7190 -2.2219 4.4731 -9.5986 0.3330 0.3330 0.3330 0.3330 0.3330 0.3330 0.3330 0.3330 0.3330 0.3330 0.3330 0.3330 0.3330 0.3330 0.3330 0.3330 0.3330 0.3330 0.3330 6.3270 1.4544 3.3357 
5.0000 61.0000 -3.3900 0.0000 8.0000 2 -1.0000 1.0000 2.3690 5.0000 -4.2172 -6.3230 5.4157 -5.5873 -6.9180 -0.1296 -2.8058 -2.7143 -7.1391 -10.7088 -1.0084 -2.0108 -11.6483 -12.3030 3.2158 3.9614 -5.0010 -0.2430 1.3967 -3.1473 0.5138 0.2777 0.3571 0.2302 0.3827 0.2307 0.3001 0.2393 0.4631 0.3062 0.3323 0.4533 0.2339 0.3174 0.2450 0.2856 0.3988 0.3094 0.4468 6.3232 1.5763 3.9535 
5.0000 62.0000 3.0600 1.0000 3.0000 8 1.0000 1.0000 0.7340 5.0000 6.1397 2.6741 -3.3764 2.9013 11.0100 -2.7587 6.1920 -4.4524 3.2908 -2.1535 12.6784 -5.1725 0.2662 5.5760 6.4756 3.5686 6.1816 1.6959 3.4191 7.8555 0.3330 0.3330 0.3330 0.3330 0.3330 0.3330 0.3330 0.3330 0.3330 0.3330 0.3330 0.3330 0.3330 0.3330 0.3330 0.3330 0.3330 0.3330 0.3330 6.3270 1.6304 2.3680 
5.0000 63.0000 -3.0600 1.0000 5.0000 8 1.0000 0.0000 1.4120 5.0000 0.6452 3.6954 -3.1882 4.1692 -10.8837 -9.5704 -9.7360 -5.6750 -2.9690 -5.2828 -10.7170 -0.7403 -1.4474 0.9670 2.2043 2.6082 0.2080 -8.6201 -0.4364 -7.3529 0.3330 0.3330 0.3330 0.3330 0.3330 0.3330 0.3330 0.3330 0.3330 0.3330 0.3330 0.3330 0.3330 0.3330 0.3330 0.3330 0.3330 0.3330 0.3330 6.3270 1.7154 3.1294 
5.0000 64.0000 3.0600 1.0000 10.0000 8 1.0000 1.0000 3.2980 5.0000 -0.8428 -1.2912 10.3094 3.2204 9.0339 -3.3722 5.7897 9.7279 10.6454 -3.0149 2.6298 9.5099 -0.6957 -0.0999 8.0996 3.6274 -2.7356 -1.3283 4.5627 -1.6121 0.3330 0.3330 0.3330 0.3330 0.3330 0.3330 0.3330 0.3330 0.3330 0.3330 0.3330 0.3330 0.3330 0.3330 0.3330 0.3330 0.3330 0.3330 0.3330 6.3270 1.6874 4.9821 
5.0000 65.0000 -3.0600 0.0000 12.0000 2 -1.0000 1.0000 3.8410 5.0000 -7.1039 1.8181 -2.6724 -5.2627 -0.1634 -12.2991 -6.1792 -6.4645 0.0970 0.5500 -6.5256 -1.4595 -7.1550 -0.6372 -3.7176 -11.5266 5.4482 2.0589 -4.9807 6.1065 0.3497 0.3128 0.4390 0.3370 0.2398 0.4545 0.2158 0.4035 0.2307 0.4321 0.3544 0.2941 0.4652 0.2447 0.3074 0.4765 0.2087 0.2361 0.3300 6.3321 1.5040 5.3413 
5.0000 66.0000 -2.7300 1.0000 13.0000 2 -1.0000 1.0000 4.0520 5.0000 -2.0451 -7.1769 1.6556 -2.1770 -5.7785 -8.4790 6.3139 -2.0577 -3.6805 2.1800 -7.8074 -2.4894 -2.8048 3.6312 -4.9485 -6.4019 -5.2203 8.5163 -11.2628 -3.7280 0.3330 0.3330 0.3330 0.3330 0.3330 0.3330 0.3330 0.3330 0.3330 0.3330 0.3330 0.3330 0.3330 0.3330 0.3330 0.3330 0.3330 0.3330 0.3330 6.3270 1.6878 5.7532 
5.0000 67.0000 2.7300 1.0000 7.0000 8 1.0000 1.0000 2.0150 5.0000 5.0503 -6.1455 0.5951 4.4254 6.1728 4.4428 5.2383 5.8009 11.1672 0.8668 3.1337 -8.7211 -2.7800 9.0709 -1.3290 1.7010 4.4885 10.1819 -0.2547 2.2114 0.3330 0.3330 0.3330 0.3330 0.3330 0.3330 0.3330 0.3330 0.3330 0.3330 0.3330 0.3330 0.3330 0.3330 0.3330 0.3330 0.3330 0.3330 0.3330 6.3270 1.4495 3.4825 
5.0000 68.0000 2.7300 1.0000 12.0000 8 1.0000 1.0000 3.9370 5.0000 5.8900 5.6364 2.4712 2.3121 -1.6255 5.9903 -5.2144 2.8224 0.8054 5.4603 14.2794 3.0569 7.6938 -7.1657 -3.5494 -1.3910 6.7672 0.9223 7.1633 3.8251 0.3330 0.3330 0.3330 0.3330 0.3330 0.3330 0.3330 0.3330 0.3330 0.3330 0.3330 0.3330 0.3330 0.3330 0.3330 0.3330 0.3330 0.3330 0.3330 6.3270 1.6137 5.5713 
5.0000 69.0000 2.7300 0.0000 3.0000 8 1.0000 1.0000 1.0760 5.0000 5.6541 -1.9161 5.2811 3.7088 -3.7409 6.5936 3.0515 5.9976 0.7045 8.7284 4.4983 -0.1326 -0.9904 2.8546 3.0309 3.6510 -9.2141 14.3598 3.7881 -1.6236 0.4789 0.3058 0.4336 0.3108 0.2619 0.2896 0.2318 0.3101 0.3950 0.4211 0.3039 0.2415 0.3386 0.2297 0.3762 0.2709 0.4286 0.3993 0.2921 6.3194 1.4790 2.5602 
5.0000 70.0000 2.4000 0.0000 10.0000 8 1.0000 1.0000 2.9680 5.0000 2.7704 6.7487 0.1579 -0.8274 4.4201 1.5587 1.0714 9.5605 -4.2608 -6.2495 -10.0714 1.3107 3.9007 7.2252 5.5482 2.8259 2.9723 7.7707 2.9277 9.9561 0.2195 0.4700 0.2781 0.3515 0.4106 0.2118 0.2707 0.3019 0.2050 0.4146 0.4759 0.2613 0.4004 0.2894 0.2505 0.5262 0.4341 0.2543 0.3098 6.3356 1.7254 4.7023 
5.0000 71.0000 -2.0700 0.0000 8.0000 8 1.0000 0.0000 2.6100 6.0000 -5.5020 1.4605 -3.4591 -2.6232 -1.9015 -4.7992 3.3214 0.1683 -4.0670 9.3642 0.3218 -3.8727 2.3156 -4.9650 -5.5464 -13.7441 -3.5417 -7.7901 1.4480 3.5486 0.2381 0.4606 0.3481 0.2566 0.4038 0.3409 0.3019 0.2709 0.3452 0.2026 0.4805 0.2816 0.3790 0.2170 0.4007 0.3744 0.2875 0.4033 0.3303 6.3230 1.4663 4.0769 
5.0000 72.0000 3.0600 1.0000 3.0000 8 1.0000 1.0000 0.9690 6.0000 7.3197 8.5218 1.8933 4.8930 0.5393 -7.7966 0.4689 -0.9378 -0.6935 1.9857 -1.4434 10.7972 6.0105 1.0827 9.9506 12.2274 5.7820 2.2403 -1.0675 -0.3365 0.3330 0.3330 0.3330 0.3330 0.3330 0.3330 0.3330 0.3330 0.3330 0.3330 0.3330 0.3330 0.3330 0.3330 0.3330 0.3330 0.3330 0.3330 0.3330 6.3270 1.4190 2.3866 
5.0000 73.0000 -3.0600 0.0000 10.0000 2 -1.0000 1.0000 2.8830 7.0000 -0.8215 -2.6088 -2.2334 0.2248 -9.4214 -4.4909 -6.6869 -4.4950 -3.4142 3.6680 -7.7891 4.0430 -2.2137 -0.5308 6.5667 -6.0004 -14.8980 -5.1310 -5.7912 -1.1386 0.2763 0.2187 0.2514 0.5303 0.2781 0.2233 0.4614 0.2460 0.2888 0.4045 0.2465 0.3765 0.5251 0.2175 0.3055 0.3489 0.3030 0.3599 0.4694 6.3308 1.5504 4.4340 
5.0000 74.0000 -2.7300 0.0000 8.0000 2 -1.0000 1.0000 2.4190 7.0000 -6.2538 2.5735 -3.9596 -2.2469 -9.1250 6.6632 -7.3947 1.3674 2.9800 -2.6447 -5.7320 -1.8558 -3.1676 -10.0778 3.5278 -1.1871 -12.7618 1.7966 -2.1123 -4.3161 0.2725 0.2380 0.2005 0.3368 0.2682 0.4078 0.4630 0.3388 0.2827 0.5251 0.3094 0.4413 0.2338 0.4781 0.2957 0.2083 0.3685 0.2439 0.4214 6.3339 1.5104 3.9367 
5.0000 75.0000 2.4000 1.0000 4.0000 2 -1.0000 0.0000 1.2950 7.0000 7.1628 -3.2843 -4.1483 3.9258 4.0434 1.3649 -1.6844 13.9854 -3.2211 -5.9014 0.1406 3.0521 5.2322 3.4487 -4.3927 3.8997 6.5628 4.1916 5.9103 5.7216 0.3330 0.3330 0.3330 0.3330 0.3330 0.3330 0.3330 0.3330 0.3330 0.3330 0.3330 0.3330 0.3330 0.3330 0.3330 0.3330 0.3330 0.3330 0.3330 6.3270 1.4145 2.7122 
5.0000 76.0000 -2.4000 0.0000 20.0000 2 -1.0000 1.0000 6.3350 7.0000 0.8081 6.1626 -1.1530 -1.2795 -3.6050 -3.9684 -1.0212 -9.4181 -5.8570 -12.5445 -0.1273 0.5908 -1.3413 -0.3513 -8.9611 -4.9048 -8.5017 0.9618 0.6373 6.2479 0.3462 0.4809 0.3931 0.4565 0.2449 0.3614 0.2811 0.2543 0.3429 0.2525 0.4681 0.3415 0.2571 0.3914 0.3643 0.2546 0.2932 0.3332 0.2119 6.3292 1.4153 7.7687 
5.0000 77.0000 -2.0700 1.0000 11.0000 2 -1.0000 1.0000 3.3440 7.0000 -1.9508 -1.7294 2.0898 -8.7418 1.9431 4.6764 8.0735 -2.8801 -11.5382 -5.3553 3.9598 -1.3323 -4.2323 -2.0851 -1.2242 -2.3756 -10.7956 -7.9165 -0.0651 0.9625 0.3330 0.3330 0.3330 0.3330 0.3330 0.3330 0.3330 0.3330 0.3330 0.3330 0.3330 0.3330 0.3330 0.3330 0.3330 0.3330 0.3330 0.3330 0.3330 6.3270 1.7084 5.0619 
5.0000 78.0000 -2.0700 0.0000 10.0000 8 1.0000 0.0000 3.0710 8.0000 -5.5182 -3.8450 6.3482 -0.5801 -9.1717 -10.8834 1.9153 2.1826 0.4000 -6.5915 5.1557 -5.2218 -4.6743 -3.0895 2.2682 1.3021 0.0830 1.5595 -10.1438 -2.1433 0.3971 0.2924 0.2371 0.3272 0.4045 0.4456 0.3415 0.2077 0.2628 0.3130 0.4019 0.3760 0.3137 0.2849 0.3574 0.4556 0.3277 0.2175 0.3676 6.3312 1.6689 4.7549 
5.0000 79.0000 3.0600 1.0000 4.0000 8 1.0000 1.0000 1.0060 8.0000 4.2507 4.3136 0.1749 -3.0188 -7.2231 2.3186 2.6174 7.7033 8.2731 9.6172 -2.0081 6.6554 7.0733 2.4544 -1.9260 12.5511 0.4915 1.1030 -1.9911 8.6227 0.3330 0.3330 0.3330 0.3330 0.3330 0.3330 0.3330 0.3330 0.3330 0.3330 0.3330 0.3330 0.3330 0.3330 0.3330 0.3330 0.3330 0.3330 0.3330 6.3270 1.5469 2.5564 
5.0000 80.0000 3.0600 1.0000 13.0000 8 1.0000 1.0000 4.2950 8.0000 -1.3836 16.6929 0.0876 -3.4867 -2.2133 2.2096 9.7705 -1.4853 8.9812 2.2272 0.7175 1.0180 2.4511 -2.3790 5.1566 4.8771 6.7268 -0.7717 6.9192 4.1219 0.3330 0.3330 0.3330 0.3330 0.3330 0.3330 0.3330 0.3330 0.3330 0.3330 0.3330 0.3330 0.3330 0.3330 0.3330 0.3330 0.3330 0.3330 0.3330 6.3270 1.4511 5.7626 
5.0000 81.0000 3.0600 0.0000 3.0000 8 1.0000 1.0000 0.7810 9.0000 5.1328 5.5746 0.0165 -5.0761 -3.5409 -2.1794 1.3102 2.6770 -2.0738 3.1680 6.6357 0.2994 -4.9561 8.1283 1.6030 12.4403 7.5485 8.6535 5.8089 9.7728 0.2185 0.2439 0.3674 0.3272 0.2863 0.3813 0.2650 0.4549 0.3082 0.4334 0.2511 0.4447 0.2839 0.4034 0.2921 0.3273 0.4604 0.2371 0.3385 6.3246 1.5890 2.3820 
5.0000 82.0000 -2.7300 1.0000 14.0000 2 -1.0000 1.0000 4.4650 9.0000 -0.0729 -2.2562 3.3195 -0.6390 2.6330 -1.2027 2.3189 2.4884 -1.2335 -4.9156 -8.1833 -12.9028 0.9645 3.1770 -3.9021 -9.9516 -3.5494 -3.8294 -4.0626 -11.6849 0.3330 0.3330 0.3330 0.3330 0.3330 0.3330 0.3330 0.3330 0.3330 0.3330 0.3330 0.3330 0.3330 0.3330 0.3330 0.3330 0.3330 0.3330 0.3330 6.3270 1.4017 5.8653 
5.0000 83.0000 2.7300 1.0000 15.0000 8 1.0000 1.0000 4.9000 9.0000 6.2914 1.4041 3.6171 -0.5858 1.9609 3.9918 9.5404 -2.4377 5.7882 -8.1287 7.5695 -2.3073 10.2111 1.0796 6.6581 7.6655 8.4107 -0.5036 -5.5394 0.2699 0.3330 0.3330 0.3330 0.3330 0.3330 0.3330 0.3330 0.3330 0.3330 0.3330 0.3330 0.3330 0.3330 0.3330 0.3330 0.3330 0.3330 0.3330 0.3330 6.3270 1.5390 6.4511 
5.0000 84.0000 2.7300 1.0000 11.0000 8 1.0000 1.0000 3.4560 9.0000 6.0918 -4.4905 -7.6159 6.6670 1.2771 6.5152 1.0734 6.1508 6.5527 5.8392 11.3641 2.6498 -1.0626 2.9139 7.8860 0.7255 0.8081 -3.7181 7.5714 -4.5948 0.3330 0.3330 0.3330 0.3330 0.3330 0.3330 0.3330 0.3330 0.3330 0.3330 0.3330 0.3330 0.3330 0.3330 0.3330 0.3330 0.3330 0.3330 0.3330 6.3270 1.6279 5.0904 
5.0000 85.0000 -2.7300 0.0000 6.0000 2 -1.0000 1.0000 1.4990 9.0000 -4.8283 -12.0429 -5.0625 -0.0046 -8.7053 -9.0108 -4.5427 0.0388 6.2784 -2.6811 0.9810 3.7346 -1.2435 -3.3324 -8.0122 3.7872 -3.1556 2.5736 -0.6869 -8.9577 0.2515 0.2151 0.2809 0.3828 0.2558 0.3468 0.2882 0.2492 0.4721 0.3739 0.2371 0.3952 0.2361 0.3996 0.5106 0.2548 0.4630 0.4057 0.3050 6.3235 1.5772 3.0997 
5.0000 86.0000 2.4000 1.0000 11.0000 8 1.0000 1.0000 3.3410 9.0000 6.0547 3.7845 0.2361 -2.5022 -2.7333 2.9709 10.6656 9.7145 2.0532 -4.7029 5.6968 0.9938 2.4490 -2.3947 1.0984 14.0105 -4.1597 1.8675 1.6505 2.7230 0.3330 0.3330 0.3330 0.3330 0.3330 0.3330 0.3330 0.3330 0.3330 0.3330 0.3330 0.3330 0.3330 0.3330 0.3330 0.3330 0.3330 0.3330 0.3330 6.3270 1.6541 5.0089 
5.0000 87.0000 -2.4000 0.0000 20.0000 8 1.0000 0.0000 7.5740 10.0000 -6.3628 -1.6494 -4.5571 -7.8059 -4.8124 -0.5966 -6.0945 -5.9369 0.0781 -7.4805 1.0897 -1.8929 -5.1594 13.2843 -2.9635 -1.5927 -6.9426 -0.0851 -6.2234 5.8926 0.3579 0.3085 0.4109 0.2019 0.3489 0.2663 0.3163 0.3841 0.2289 0.2932 0.4143 0.2370 0.4649 0.5063 0.2606 0.3553 0.2262 0.4572 0.2961 6.3348 1.4567 9.0409 
